0 MGS_LL_TILED_BLAS 50000   51   20 0.068075  1.688e+08 2.893e+07 1.9681e+07
1 MGS_LL_BLAS 50000   33 N/A 0.037732  7.7286e+07 1.3631e+07 9.486e+06
2 MGS_LL_TILED_BLAS 50000   39   20 0.04818  1.0144e+08 1.7413e+07 1.1763e+07
3 MGS_LL_BLAS 50000   19 N/A 0.010835  2.6825e+07 4.5191e+06 3.0239e+06
4 MGS_LL_TILED_BLAS 50000   31   20 0.026735  6.6352e+07 1.1153e+07 7.4408e+06
5 MGS_LL_TILED_BLAS 50000   61   20 0.10041  2.4866e+08 4.0947e+07 2.7726e+07
6 MGS_LL_BLAS 50000   76 N/A 0.20207  5.0262e+08 7.2299e+07 5.4201e+07
7 MGS_LL_TILED_BLAS 50000   40   20 0.043682  1.0861e+08 1.8151e+07 1.2118e+07
8 MGS_LL_TILED_BLAS 50000   38   20 0.039405  9.8003e+07 1.6448e+07 1.0979e+07
9 MGS_LL_BLAS 50000   57 N/A 0.10758  2.6751e+08 4.0669e+07 2.9261e+07
10 MGS_LL_TILED_BLAS 50000   29   20 0.023456  5.8222e+07 9.7761e+06 6.5508e+06
11 MGS_LL_BLAS 50000   91 N/A 0.28464  7.0854e+08 1.0366e+08 7.9583e+07
12 MGS_LL_TILED_BLAS 50000   81   20 0.1717  4.2732e+08 7.087e+07 4.7968e+07
13 MGS_LL_BLAS 50000   24 N/A 0.022171  4.0375e+07 7.2101e+06 5.1095e+06
14 MGS_LL_BLAS 50000   90 N/A 0.28526  7.0945e+08 1.014e+08 7.6794e+07
15 MGS_LL_TILED_BLAS 50000   67   20 0.11596  2.8714e+08 4.906e+07 3.3567e+07
16 MGS_LL_TILED_BLAS 50000   51   20 0.070987  1.6781e+08 2.8931e+07 1.9827e+07
17 MGS_LL_BLAS 50000   67 N/A 0.15221  3.7719e+08 5.6189e+07 4.1381e+07
18 MGS_LL_BLAS 50000    1 N/A 9.5952e-05  1.4082e+05 13082 5910
19 MGS_LL_TILED_BLAS 50000   90   20 0.21046  5.2381e+08 8.6628e+07 5.865e+07
20 MGS_LL_TILED_BLAS 50000   82   20 0.17289  4.3037e+08 7.2409e+07 4.9327e+07
21 MGS_LL_BLAS 50000   42 N/A 0.052767  1.3122e+08 2.2082e+07 1.4972e+07
22 MGS_LL_BLAS 50000   14 N/A 0.0071742  1.417e+07 2.4541e+06 1.6539e+06
23 MGS_LL_TILED_BLAS 50000   27   20 0.025301  4.8613e+07 8.625e+06 6.0837e+06
24 MGS_LL_BLAS 50000  100 N/A 0.34591  8.6088e+08 1.2518e+08 9.6798e+07
25 MGS_LL_BLAS 50000   17 N/A 0.0084231  2.086e+07 3.6183e+06 2.4335e+06
26 MGS_LL_BLAS 50000   31 N/A 0.028895  7.1754e+07 1.2028e+07 8.1287e+06
27 MGS_LL_TILED_BLAS 50000   62   20 0.099561  2.4777e+08 4.2112e+07 2.8897e+07
28 MGS_LL_BLAS 50000   59 N/A 0.11351  2.7838e+08 4.3573e+07 3.1806e+07
29 MGS_LL_TILED_BLAS 50000   96   20 0.23005  5.7267e+08 9.8097e+07 6.7129e+07
30 MGS_LL_TILED_BLAS 50000   78   20 0.15905  3.9536e+08 6.5646e+07 4.4235e+07
31 MGS_LL_BLAS 50000   92 N/A 0.30251  7.5131e+08 1.0595e+08 8.0683e+07
32 MGS_LL_TILED_BLAS 50000   77   20 0.15521  3.8624e+08 6.4082e+07 4.3215e+07
33 MGS_LL_TILED_BLAS 50000   53   20 0.075271  1.8699e+08 3.1033e+07 2.09e+07
34 MGS_LL_BLAS 50000   65 N/A 0.14395  3.5763e+08 5.2886e+07 3.8897e+07
35 MGS_LL_BLAS 50000   14 N/A 0.0059272  1.4636e+07 2.4541e+06 1.6383e+06
36 MGS_LL_BLAS 50000   83 N/A 0.23775  5.8973e+08 8.6233e+07 6.5019e+07
37 MGS_LL_TILED_BLAS 50000   88   20 0.20118  5.0023e+08 8.2672e+07 5.5943e+07
38 MGS_LL_BLAS 50000   72 N/A 0.17349  4.3108e+08 6.489e+07 4.8596e+07
39 MGS_LL_TILED_BLAS 50000   67   20 0.11594  2.8813e+08 4.9059e+07 3.362e+07
40 MGS_LL_TILED_BLAS 50000   70   20 0.12527  3.1077e+08 5.3078e+07 3.6331e+07
41 MGS_LL_TILED_BLAS 50000   97   20 0.23819  5.9248e+08 1.0051e+08 6.81e+07
42 MGS_LL_TILED_BLAS 50000   98   20 0.24798  6.1675e+08 1.0245e+08 6.9033e+07
43 MGS_LL_BLAS 50000   21 N/A 0.017342  3.0893e+07 5.5207e+06 3.9302e+06
44 MGS_LL_BLAS 50000    7 N/A 0.0024537  3.511e+06 6.1421e+05 3.9746e+05
45 MGS_LL_BLAS 50000   97 N/A 0.33805  8.3865e+08 1.1778e+08 8.9966e+07
46 MGS_LL_TILED_BLAS 50000   64   20 0.10867  2.7045e+08 4.4516e+07 3.0213e+07
47 MGS_LL_TILED_BLAS 50000   95   20 0.23416  5.8299e+08 9.6703e+07 6.5223e+07
48 MGS_LL_BLAS 50000   43 N/A 0.056595  1.4068e+08 2.3144e+07 1.5762e+07
49 MGS_LL_BLAS 50000   92 N/A 0.30223  7.5048e+08 1.0595e+08 8.0665e+07
50 MGS_LL_BLAS 50000   98 N/A 0.34538  8.5743e+08 1.2021e+08 9.1787e+07
51 MGS_LL_TILED_BLAS 50000   88   20 0.20085  5e+08 8.2672e+07 5.5949e+07
52 MGS_LL_TILED_BLAS 50000   43   20 0.050797  1.2635e+08 2.1018e+07 1.4109e+07
53 MGS_LL_TILED_BLAS 50000   48   20 0.06176  1.5366e+08 2.5463e+07 1.7151e+07
54 MGS_LL_TILED_BLAS 50000   77   20 0.15517  3.8633e+08 6.4081e+07 4.3203e+07
55 MGS_LL_BLAS 50000   19 N/A 0.010809  2.6782e+07 4.519e+06 3.0343e+06
56 MGS_LL_BLAS 50000   69 N/A 0.1641  4.0769e+08 5.9595e+07 4.4172e+07
57 MGS_LL_BLAS 50000   99 N/A 0.32439  8.7568e+08 1.2269e+08 9.3718e+07
58 MGS_LL_BLAS 50000   25 N/A 0.017188  4.6503e+07 7.823e+06 5.2566e+06
59 MGS_LL_BLAS 50000   77 N/A 0.19053  5.1586e+08 7.4215e+07 5.5673e+07
60 MGS_LL_BLAS 50000   89 N/A 0.25898  7.0113e+08 9.915e+07 7.5288e+07
61 MGS_LL_BLAS 50000   69 N/A 0.14735  3.9706e+08 5.96e+07 4.4112e+07
62 MGS_LL_TILED_BLAS 50000   85   20 0.17366  4.7097e+08 7.7679e+07 5.2656e+07
63 MGS_LL_BLAS 50000   88 N/A 0.25278  6.8427e+08 9.6936e+07 7.3511e+07
64 MGS_LL_TILED_BLAS 50000   69   20 0.12029  3.1328e+08 5.1714e+07 3.4962e+07
65 MGS_LL_BLAS 50000   48 N/A 0.069584  1.8104e+08 2.8841e+07 2.0063e+07
66 MGS_LL_BLAS 50000   90 N/A 0.27616  7.1766e+08 1.014e+08 7.7021e+07
67 MGS_LL_BLAS 50000   45 N/A 0.063594  1.5129e+08 2.5348e+07 1.7539e+07
68 MGS_LL_BLAS 50000   33 N/A 0.038698  7.8087e+07 1.3631e+07 9.2857e+06
69 MGS_LL_TILED_BLAS 50000   67   20 0.11965  2.9706e+08 4.9059e+07 3.3227e+07
70 MGS_LL_BLAS 50000   15 N/A 0.0067977  1.6768e+07 2.817e+06 1.8825e+06
71 MGS_LL_TILED_BLAS 50000   33   20 0.037322  7.031e+07 1.2506e+07 8.878e+06
72 MGS_LL_BLAS 50000   55 N/A 0.095713  2.3766e+08 3.7865e+07 2.7144e+07
73 MGS_LL_BLAS 50000   21 N/A 0.018687  3.0758e+07 5.5205e+06 3.97e+06
74 MGS_LL_BLAS 50000   31 N/A 0.030388  6.8371e+07 1.2029e+07 8.2631e+06
75 MGS_LL_TILED_BLAS 50000   74   20 0.13932  3.4594e+08 5.9163e+07 4.0422e+07
76 MGS_LL_BLAS 50000   83 N/A 0.23422  5.819e+08 8.6235e+07 6.5459e+07
77 MGS_LL_TILED_BLAS 50000   68   20 0.11785  2.9318e+08 5e+07 3.4268e+07
78 MGS_LL_BLAS 50000   11 N/A 0.0057663  8.529e+06 1.5154e+06 1.0922e+06
79 MGS_LL_BLAS 50000   18 N/A 0.014269  2.2787e+07 4.0564e+06 2.9369e+06
80 MGS_LL_TILED_BLAS 50000   87   20 0.19796  4.9285e+08 8.1483e+07 5.5154e+07
81 MGS_LL_TILED_BLAS 50000   96   20 0.23761  5.9184e+08 9.8093e+07 6.6201e+07
82 MGS_LL_TILED_BLAS 50000   31   20 0.026706  6.6363e+07 1.1153e+07 7.4609e+06
83 MGS_LL_TILED_BLAS 50000   87   20 0.19143  4.7685e+08 8.1483e+07 5.5829e+07
84 MGS_LL_BLAS 50000   26 N/A 0.0196  4.873e+07 8.4613e+06 5.7245e+06
85 MGS_LL_TILED_BLAS 50000   38   20 0.038174  9.5008e+07 1.6449e+07 1.1113e+07
86 MGS_LL_BLAS 50000   96 N/A 0.31637  7.872e+08 1.1536e+08 8.851e+07
87 MGS_LL_BLAS 50000   26 N/A 0.019595  4.8723e+07 8.4613e+06 5.7237e+06
88 MGS_LL_BLAS 50000    2 N/A 0.0001898  3.7412e+05 50677 30668
89 MGS_LL_TILED_BLAS 50000   61   20 0.096682  2.4073e+08 4.0949e+07 2.7981e+07
90 MGS_LL_TILED_BLAS 50000   37   20 0.036311  9.036e+07 1.5635e+07 1.0572e+07
91 MGS_LL_TILED_BLAS 50000   32   20 0.02715  6.7521e+07 1.1692e+07 7.9096e+06
92 MGS_LL_BLAS 50000   66 N/A 0.14307  3.5603e+08 5.4527e+07 4.0283e+07
93 MGS_LL_BLAS 50000   64 N/A 0.13693  3.3743e+08 5.1272e+07 3.7574e+07
94 MGS_LL_BLAS 50000   29 N/A 0.032486  5.9995e+07 1.0527e+07 7.2438e+06
95 MGS_LL_BLAS 50000   24 N/A 0.022209  4.0376e+07 7.2101e+06 5.1172e+06
96 MGS_LL_BLAS 50000    5 N/A 0.00090693  1.895e+06 3.136e+05 2.0513e+05
97 MGS_LL_BLAS 50000   75 N/A 0.18872  4.6957e+08 7.0411e+07 5.2872e+07
98 MGS_LL_TILED_BLAS 50000   65   20 0.10885  2.711e+08 4.613e+07 3.1619e+07
99 MGS_LL_TILED_BLAS 50000   66   20 0.11168  2.7813e+08 4.7396e+07 3.2402e+07
100 MGS_LL_BLAS 50000   70 N/A 0.16246  4.0422e+08 6.134e+07 4.5689e+07
101 MGS_LL_TILED_BLAS 50000   83   20 0.17532  4.367e+08 7.4473e+07 5.1101e+07
102 MGS_LL_BLAS 50000    6 N/A 0.0011287  2.7105e+06 4.5134e+05 2.9171e+05
103 MGS_LL_TILED_BLAS 50000   80   20 0.16122  4.0164e+08 6.8853e+07 4.6965e+07
104 MGS_LL_BLAS 50000   36 N/A 0.037483  9.3306e+07 1.6223e+07 1.0999e+07
105 MGS_LL_BLAS 50000    2 N/A 0.00018702  3.7266e+05 50639 31087
106 MGS_LL_TILED_BLAS 50000   37   20 0.036287  9.0292e+07 1.5635e+07 1.0561e+07
107 MGS_LL_BLAS 50000   16 N/A 0.0074612  1.8478e+07 3.2053e+06 2.1482e+06
108 MGS_LL_BLAS 50000   97 N/A 0.32367  8.0518e+08 1.1778e+08 9.0396e+07
109 MGS_LL_BLAS 50000   94 N/A 0.30297  7.5378e+08 1.1061e+08 8.4715e+07
110 MGS_LL_TILED_BLAS 50000   83   20 0.17534  4.367e+08 7.4476e+07 5.1158e+07
111 MGS_LL_TILED_BLAS 50000   41   20 0.044827  1.1155e+08 1.9167e+07 1.2964e+07
112 MGS_LL_TILED_BLAS 50000   64   20 0.10509  2.6166e+08 4.4517e+07 3.0545e+07
113 MGS_LL_TILED_BLAS 50000   60   20 0.092333  2.2995e+08 3.9432e+07 2.6807e+07
114 MGS_LL_TILED_BLAS 50000   70   20 0.12476  3.1074e+08 5.3079e+07 3.6278e+07
115 MGS_LL_TILED_BLAS 50000   84   20 0.17801  4.4341e+08 7.5564e+07 5.1853e+07
116 MGS_LL_BLAS 50000   97 N/A 0.3234  8.0465e+08 1.1778e+08 9.0381e+07
117 MGS_LL_BLAS 50000   37 N/A 0.047226  9.6914e+07 1.7136e+07 1.194e+07
118 MGS_LL_BLAS 50000   11 N/A 0.0035731  8.7854e+06 1.5155e+06 9.9456e+05
119 MGS_LL_BLAS 50000   49 N/A 0.073673  1.8318e+08 3.0057e+07 2.1053e+07
120 MGS_LL_BLAS 50000   10 N/A 0.002988  7.3391e+06 1.2526e+06 8.3376e+05
121 MGS_LL_TILED_BLAS 50000   36   20 0.041471  8.3267e+07 1.4722e+07 1.03e+07
122 MGS_LL_BLAS 50000    8 N/A 0.00193  4.6965e+06 8.0193e+05 5.1558e+05
123 MGS_LL_BLAS 50000   17 N/A 0.012848  2.0179e+07 3.6183e+06 2.6146e+06
124 MGS_LL_BLAS 50000   84 N/A 0.24035  5.9729e+08 8.8326e+07 6.7084e+07
125 MGS_LL_BLAS 50000   18 N/A 0.0094267  2.3334e+07 4.0562e+06 2.7336e+06
126 MGS_LL_BLAS 50000   54 N/A 0.091846  2.2832e+08 3.6502e+07 2.6092e+07
127 MGS_LL_BLAS 50000   63 N/A 0.12956  3.22e+08 4.9681e+07 3.6502e+07
128 MGS_LL_TILED_BLAS 50000   43   20 0.049253  1.2253e+08 2.1019e+07 1.4266e+07
129 MGS_LL_TILED_BLAS 50000   44   20 0.056314  1.2443e+08 2.1608e+07 1.4936e+07
130 MGS_LL_BLAS 50000   43 N/A 0.060649  1.3402e+08 2.3145e+07 1.6055e+07
131 MGS_LL_BLAS 50000   19 N/A 0.014775  2.5235e+07 4.5193e+06 3.1863e+06
132 MGS_LL_BLAS 50000   22 N/A 0.019521  3.3853e+07 6.0591e+06 4.3293e+06
133 MGS_LL_BLAS 50000   61 N/A 0.1217  2.9855e+08 4.6577e+07 3.4081e+07
134 MGS_LL_BLAS 50000   40 N/A 0.053787  1.1456e+08 2.0028e+07 1.3855e+07
135 MGS_LL_BLAS 50000   40 N/A 0.046711  1.1614e+08 2.0028e+07 1.3552e+07
136 MGS_LL_BLAS 50000   53 N/A 0.091264  2.181e+08 3.5162e+07 2.5221e+07
137 MGS_LL_TILED_BLAS 50000   89   20 0.19966  4.9692e+08 8.4891e+07 5.8223e+07
138 MGS_LL_BLAS 50000   18 N/A 0.013792  2.265e+07 4.0564e+06 2.9151e+06
139 MGS_LL_TILED_BLAS 50000   65   20 0.10878  2.7081e+08 4.6131e+07 3.1612e+07
140 MGS_LL_BLAS 50000   97 N/A 0.3246  8.0622e+08 1.1778e+08 9.0498e+07
141 MGS_LL_BLAS 50000   48 N/A 0.070346  1.7485e+08 2.884e+07 2.013e+07
142 MGS_LL_BLAS 50000   32 N/A 0.037981  7.312e+07 1.2817e+07 8.8251e+06
143 MGS_LL_TILED_BLAS 50000   85   20 0.18306  4.5567e+08 7.7679e+07 5.3431e+07
144 MGS_LL_BLAS 50000   17 N/A 0.0084323  2.0848e+07 3.6183e+06 2.437e+06
145 MGS_LL_BLAS 50000  100 N/A 0.34608  8.5933e+08 1.2518e+08 9.6231e+07
146 MGS_LL_TILED_BLAS 50000   32   20 0.02715  6.7484e+07 1.1692e+07 7.9249e+06
147 MGS_LL_BLAS 50000   46 N/A 0.063746  1.5838e+08 2.6487e+07 1.8246e+07
148 MGS_LL_TILED_BLAS 50000   48   20 0.059894  1.4902e+08 2.5463e+07 1.7315e+07
149 MGS_LL_TILED_BLAS 50000   88   20 0.19444  4.8407e+08 8.2676e+07 5.6644e+07
150 MGS_LL_BLAS 50000    8 N/A 0.0031309  4.5154e+06 8.0196e+05 5.4354e+05
151 MGS_LL_TILED_BLAS 50000   94   20 0.22124  5.5085e+08 9.434e+07 6.4555e+07
152 MGS_LL_BLAS 50000   60 N/A 0.11698  2.8823e+08 4.5063e+07 3.2868e+07
153 MGS_LL_BLAS 50000   63 N/A 0.12922  3.2148e+08 4.9685e+07 3.6476e+07
154 MGS_LL_TILED_BLAS 50000   47   20 0.062351  1.4327e+08 2.4774e+07 1.7005e+07
155 MGS_LL_BLAS 50000   63 N/A 0.12964  3.2196e+08 4.9681e+07 3.6509e+07
156 MGS_LL_BLAS 50000   93 N/A 0.2974  7.3885e+08 1.0826e+08 8.291e+07
157 MGS_LL_TILED_BLAS 50000   34   20 0.037324  7.4598e+07 1.322e+07 9.2997e+06
158 MGS_LL_TILED_BLAS 50000   64   20 0.10519  2.6178e+08 4.4517e+07 3.0525e+07
159 MGS_LL_TILED_BLAS 50000   73   20 0.13556  3.3745e+08 5.7699e+07 3.9463e+07
160 MGS_LL_BLAS 50000    9 N/A 0.002444  5.9684e+06 1.0146e+06 6.6993e+05
161 MGS_LL_TILED_BLAS 50000   53   20 0.074738  1.8062e+08 3.1034e+07 2.125e+07
162 MGS_LL_TILED_BLAS 50000   61   20 0.096758  2.4077e+08 4.0949e+07 2.804e+07
163 MGS_LL_BLAS 50000   29 N/A 0.031495  5.9003e+07 1.0527e+07 7.4521e+06
164 MGS_LL_TILED_BLAS 50000   89   20 0.19955  4.9708e+08 8.4889e+07 5.8204e+07
165 MGS_LL_TILED_BLAS 50000   93   20 0.21706  5.4047e+08 9.2499e+07 6.3352e+07
166 MGS_LL_TILED_BLAS 50000   46   20 0.055451  1.3794e+08 2.361e+07 1.5999e+07
167 MGS_LL_TILED_BLAS 50000   79   20 0.15827  3.9416e+08 6.7613e+07 4.6051e+07
168 MGS_LL_TILED_BLAS 50000   49   20 0.06277  1.5619e+08 2.6677e+07 1.8181e+07
169 MGS_LL_TILED_BLAS 50000   71   20 0.12911  3.2084e+08 5.4843e+07 3.7514e+07
170 MGS_LL_TILED_BLAS 50000   88   20 0.19478  4.8464e+08 8.2676e+07 5.6642e+07
171 MGS_LL_BLAS 50000   40 N/A 0.053547  1.1819e+08 2.0029e+07 1.3611e+07
172 MGS_LL_TILED_BLAS 50000   21   20 0.018048  3.0903e+07 5.5213e+06 3.9339e+06
173 MGS_LL_BLAS 50000   58 N/A 0.10976  2.6732e+08 4.211e+07 3.0586e+07
174 MGS_LL_TILED_BLAS 50000   99   20 0.24561  6.1144e+08 1.0492e+08 7.166e+07
175 MGS_LL_BLAS 50000   29 N/A 0.031566  5.8939e+07 1.0527e+07 7.4178e+06
176 MGS_LL_TILED_BLAS 50000   44   20 0.050799  1.2633e+08 2.1607e+07 1.4618e+07
177 MGS_LL_TILED_BLAS 50000   30   20 0.024115  5.9933e+07 1.039e+07 7.023e+06
178 MGS_LL_BLAS 50000   74 N/A 0.18369  4.5586e+08 6.8547e+07 5.1473e+07
179 MGS_LL_BLAS 50000   20 N/A 0.016878  2.7895e+07 5.0078e+06 3.5677e+06
180 MGS_LL_TILED_BLAS 50000   90   20 0.20354  5.0662e+08 8.6631e+07 5.9293e+07
181 MGS_LL_BLAS 50000   65 N/A 0.13944  3.4489e+08 5.2885e+07 3.9092e+07
182 MGS_LL_BLAS 50000   49 N/A 0.07789  1.8199e+08 3.0055e+07 2.1167e+07
183 MGS_LL_BLAS 50000   99 N/A 0.33868  8.4137e+08 1.2269e+08 9.439e+07
184 MGS_LL_BLAS 50000   98 N/A 0.34474  8.5681e+08 1.2022e+08 9.2015e+07
185 MGS_LL_TILED_BLAS 50000   52   20 0.073184  1.7276e+08 2.972e+07 2.0448e+07
186 MGS_LL_BLAS 50000   89 N/A 0.27155  6.7386e+08 9.9152e+07 7.5731e+07
187 MGS_LL_TILED_BLAS 50000   62   20 0.099528  2.4777e+08 4.2113e+07 2.8892e+07
188 MGS_LL_TILED_BLAS 50000   62   20 0.10099  2.4743e+08 4.2113e+07 2.894e+07
189 MGS_LL_BLAS 50000   25 N/A 0.018158  4.5073e+07 7.823e+06 5.2882e+06
190 MGS_LL_TILED_BLAS 50000   44   20 0.057107  1.2871e+08 2.1607e+07 1.4648e+07
191 MGS_LL_TILED_BLAS 50000   52   20 0.072115  1.7951e+08 2.9719e+07 2.0014e+07
192 MGS_LL_BLAS 50000   85 N/A 0.25638  6.3713e+08 9.0444e+07 6.8449e+07
193 MGS_LL_TILED_BLAS 50000   92   20 0.21182  5.273e+08 9.0184e+07 6.176e+07
194 MGS_LL_BLAS 50000    6 N/A 0.0018009  2.6062e+06 4.5144e+05 3.0503e+05
195 MGS_LL_BLAS 50000    9 N/A 0.0024409  5.9629e+06 1.0147e+06 6.7187e+05
196 MGS_LL_TILED_BLAS 50000   22   20 0.013846  3.4331e+07 5.9341e+06 3.9851e+06
197 MGS_LL_TILED_BLAS 50000   93   20 0.21699  5.4003e+08 9.25e+07 6.3442e+07
198 MGS_LL_BLAS 50000   92 N/A 0.30193  7.5099e+08 1.0594e+08 8.0681e+07
199 MGS_LL_BLAS 50000   25 N/A 0.018209  4.511e+07 7.8237e+06 5.2921e+06
200 MGS_LL_BLAS 50000   54 N/A 0.092009  2.2882e+08 3.6501e+07 2.6134e+07
201 MGS_LL_BLAS 50000   30 N/A 0.033554  6.3193e+07 1.1265e+07 7.9642e+06
202 MGS_LL_TILED_BLAS 50000   42   20 0.053195  1.1557e+08 1.9955e+07 1.3934e+07
203 MGS_LL_BLAS 50000   39 N/A 0.044589  1.1084e+08 1.9038e+07 1.2908e+07
204 MGS_LL_BLAS 50000   31 N/A 0.0279  6.9245e+07 1.2028e+07 8.15e+06
205 MGS_LL_TILED_BLAS 50000   56   20 0.083756  2.0545e+08 3.4374e+07 2.3161e+07
206 MGS_LL_BLAS 50000   76 N/A 0.19402  4.8328e+08 7.2306e+07 5.4601e+07
207 MGS_LL_BLAS 50000   75 N/A 0.18993  4.7328e+08 7.0412e+07 5.3396e+07
208 MGS_LL_BLAS 50000    4 N/A 0.0009334  1.2254e+06 2.0093e+05 1.3484e+05
209 MGS_LL_BLAS 50000   54 N/A 0.093001  2.2774e+08 3.6501e+07 2.621e+07
210 MGS_LL_BLAS 50000   91 N/A 0.28573  7.089e+08 1.0366e+08 7.9201e+07
211 MGS_LL_BLAS 50000   98 N/A 0.33529  8.3404e+08 1.2023e+08 9.1778e+07
212 MGS_LL_BLAS 50000   51 N/A 0.086228  2.0613e+08 3.2557e+07 2.2946e+07
213 MGS_LL_TILED_BLAS 50000   95   20 0.23388  5.8265e+08 9.6705e+07 6.5234e+07
214 MGS_LL_TILED_BLAS 50000   68   20 0.12168  3.0306e+08 4.9998e+07 3.3829e+07
215 MGS_LL_TILED_BLAS 50000   26   20 0.019072  4.739e+07 7.9613e+06 5.3325e+06
216 MGS_LL_TILED_BLAS 50000   69   20 0.12559  3.1285e+08 5.1714e+07 3.4999e+07
217 MGS_LL_TILED_BLAS 50000   35   20 0.033624  8.3654e+07 1.4082e+07 9.4217e+06
218 MGS_LL_BLAS 50000   33 N/A 0.032432  8.0701e+07 1.363e+07 9.1867e+06
219 MGS_LL_BLAS 50000   22 N/A 0.014482  3.596e+07 6.0583e+06 4.0713e+06
220 MGS_LL_BLAS 50000   57 N/A 0.10742  2.6721e+08 4.0672e+07 2.9316e+07
221 MGS_LL_BLAS 50000   40 N/A 0.048406  1.2045e+08 2.0029e+07 1.3553e+07
222 MGS_LL_TILED_BLAS 50000   31   20 0.02666  6.6295e+07 1.1153e+07 7.4603e+06
223 MGS_LL_TILED_BLAS 50000   32   20 0.027996  6.9611e+07 1.1692e+07 7.8167e+06
224 MGS_LL_TILED_BLAS 50000   76   20 0.15052  3.7495e+08 6.2167e+07 4.1923e+07
225 MGS_LL_TILED_BLAS 50000   62   20 0.10267  2.5568e+08 4.2112e+07 2.8564e+07
226 MGS_LL_TILED_BLAS 50000   67   20 0.11924  2.9699e+08 4.9059e+07 3.3211e+07
227 MGS_LL_BLAS 50000   52 N/A 0.08716  2.1692e+08 3.3847e+07 2.3954e+07
228 MGS_LL_BLAS 50000   80 N/A 0.22474  5.5926e+08 8.0116e+07 6.0333e+07
229 MGS_LL_TILED_BLAS 50000   28   20 0.021729  5.4016e+07 9.0629e+06 6.0775e+06
230 MGS_LL_BLAS 50000  100 N/A 0.35873  8.9247e+08 1.2517e+08 9.5759e+07
231 MGS_LL_BLAS 50000   77 N/A 0.20737  5.1603e+08 7.4216e+07 5.5652e+07
232 MGS_LL_TILED_BLAS 50000   71   20 0.13303  3.3136e+08 5.4841e+07 3.7039e+07
233 MGS_LL_BLAS 50000   27 N/A 0.021796  5.4193e+07 9.1251e+06 6.1413e+06
234 MGS_LL_TILED_BLAS 50000   34   20 0.031614  7.863e+07 1.3218e+07 8.8407e+06
235 MGS_LL_TILED_BLAS 50000   77   20 0.15501  3.8615e+08 6.4081e+07 4.3212e+07
236 MGS_LL_BLAS 50000   23 N/A 0.015813  3.9265e+07 6.6214e+06 4.4472e+06
237 MGS_LL_TILED_BLAS 50000   59   20 0.092861  2.3121e+08 3.8442e+07 2.5847e+07
238 MGS_LL_BLAS 50000   52 N/A 0.088513  2.109e+08 3.3848e+07 2.4003e+07
239 MGS_LL_TILED_BLAS 50000   63   20 0.10725  2.6426e+08 4.3676e+07 2.9613e+07
240 MGS_LL_BLAS 50000   36 N/A 0.038761  9.646e+07 1.6221e+07 1.0953e+07
241 MGS_LL_TILED_BLAS 50000   33   20 0.029915  7.4411e+07 1.2505e+07 8.3711e+06
242 MGS_LL_TILED_BLAS 50000   25   20 0.017868  4.4368e+07 7.4483e+06 5.0066e+06
243 MGS_LL_BLAS 50000   87 N/A 0.26831  6.6754e+08 9.4745e+07 7.1815e+07
244 MGS_LL_TILED_BLAS 50000   98   20 0.24759  6.1682e+08 1.0245e+08 6.9037e+07
245 MGS_LL_BLAS 50000    5 N/A 0.00086597  1.9601e+06 3.1359e+05 2.0338e+05
246 MGS_LL_TILED_BLAS 50000   27   20 0.020637  5.1287e+07 8.6247e+06 5.7793e+06
247 MGS_LL_TILED_BLAS 50000   41   20 0.046236  1.1508e+08 1.9166e+07 1.2825e+07
248 MGS_LL_BLAS 50000   95 N/A 0.32241  8.0225e+08 1.1297e+08 8.6128e+07
249 MGS_LL_BLAS 50000   66 N/A 0.14873  3.7012e+08 5.4529e+07 4.019e+07
250 MGS_LL_BLAS 50000   45 N/A 0.062623  1.5581e+08 2.5348e+07 1.7384e+07
251 MGS_LL_BLAS 50000   28 N/A 0.023426  5.8269e+07 9.8129e+06 6.6135e+06
252 MGS_LL_TILED_BLAS 50000   87   20 0.19811  4.9292e+08 8.1482e+07 5.5157e+07
253 MGS_LL_BLAS 50000   39 N/A 0.045667  1.1362e+08 1.9038e+07 1.2843e+07
254 MGS_LL_TILED_BLAS 50000   24   20 0.016414  4.0762e+07 6.8351e+06 4.587e+06
255 MGS_LL_BLAS 50000   86 N/A 0.26199  6.5164e+08 9.2577e+07 7.005e+07
256 MGS_LL_TILED_BLAS 50000   54   20 0.078178  1.8649e+08 3.2122e+07 2.1948e+07
257 MGS_LL_BLAS 50000   14 N/A 0.0087901  1.3734e+07 2.4541e+06 1.7683e+06
258 MGS_LL_BLAS 50000   42 N/A 0.054643  1.2834e+08 2.2083e+07 1.5156e+07
259 MGS_LL_BLAS 50000   32 N/A 0.029646  7.3667e+07 1.2817e+07 8.6875e+06
260 MGS_LL_TILED_BLAS 50000   40   20 0.042275  1.0518e+08 1.8151e+07 1.227e+07
261 MGS_LL_TILED_BLAS 50000   91   20 0.20845  5.1942e+08 8.8894e+07 6.0878e+07
262 MGS_LL_TILED_BLAS 50000   82   20 0.17064  4.2516e+08 7.241e+07 4.9733e+07
263 MGS_LL_TILED_BLAS 50000   21   20 0.012804  3.1776e+07 5.5209e+06 3.7223e+06
264 MGS_LL_BLAS 50000   12 N/A 0.0042482  1.0476e+07 1.8034e+06 1.2055e+06
265 MGS_LL_TILED_BLAS 50000   69   20 0.12165  3.0296e+08 5.1714e+07 3.5422e+07
266 MGS_LL_BLAS 50000   67 N/A 0.14787  3.6757e+08 5.6191e+07 4.1659e+07
267 MGS_LL_BLAS 50000   54 N/A 0.09442  2.2724e+08 3.6501e+07 2.6153e+07
268 MGS_LL_BLAS 50000   98 N/A 0.3302  8.2181e+08 1.2022e+08 9.2365e+07
269 MGS_LL_TILED_BLAS 50000   31   20 0.025833  6.425e+07 1.1153e+07 7.5404e+06
270 MGS_LL_TILED_BLAS 50000   79   20 0.15823  3.9427e+08 6.7613e+07 4.6083e+07
271 MGS_LL_BLAS 50000   37 N/A 0.039633  9.8663e+07 1.7137e+07 1.1607e+07
272 MGS_LL_TILED_BLAS 50000   44   20 0.050698  1.262e+08 2.1608e+07 1.463e+07
273 MGS_LL_TILED_BLAS 50000   30   20 0.024074  5.9864e+07 1.039e+07 6.9891e+06
274 MGS_LL_BLAS 50000   59 N/A 0.11173  2.7803e+08 4.3572e+07 3.1626e+07
275 MGS_LL_TILED_BLAS 50000   88   20 0.19431  4.8408e+08 8.2676e+07 5.67e+07
276 MGS_LL_BLAS 50000   52 N/A 0.084207  2.0956e+08 3.3847e+07 2.3993e+07
277 MGS_LL_BLAS 50000   59 N/A 0.11178  2.7822e+08 4.3573e+07 3.1653e+07
278 MGS_LL_TILED_BLAS 50000   33   20 0.028971  7.2067e+07 1.2506e+07 8.4741e+06
279 MGS_LL_BLAS 50000   30 N/A 0.026032  6.4769e+07 1.1266e+07 7.6347e+06
280 MGS_LL_TILED_BLAS 50000   86   20 0.18658  4.649e+08 7.9318e+07 5.4386e+07
281 MGS_LL_TILED_BLAS 50000   60   20 0.092328  2.2997e+08 3.9433e+07 2.6836e+07
282 MGS_LL_BLAS 50000   84 N/A 0.23955  5.9611e+08 8.833e+07 6.7049e+07
283 MGS_LL_TILED_BLAS 50000   59   20 0.089957  2.2402e+08 3.8443e+07 2.6138e+07
284 MGS_LL_TILED_BLAS 50000   50   20 0.064903  1.6161e+08 2.7666e+07 1.8775e+07
285 MGS_LL_TILED_BLAS 50000   66   20 0.11163  2.781e+08 4.7395e+07 3.2453e+07
286 MGS_LL_BLAS 50000   23 N/A 0.015362  3.8155e+07 6.6221e+06 4.4689e+06
287 MGS_LL_BLAS 50000   12 N/A 0.004237  1.045e+07 1.8033e+06 1.2003e+06
288 MGS_LL_TILED_BLAS 50000   83   20 0.17527  4.3671e+08 7.4475e+07 5.1129e+07
289 MGS_LL_BLAS 50000   59 N/A 0.11162  2.7778e+08 4.3574e+07 3.1685e+07
290 MGS_LL_TILED_BLAS 50000   77   20 0.15007  3.7393e+08 6.4083e+07 4.3773e+07
291 MGS_LL_TILED_BLAS 50000   39   20 0.040479  1.0068e+08 1.7413e+07 1.1752e+07
292 MGS_LL_BLAS 50000   49 N/A 0.073407  1.8269e+08 3.0054e+07 2.102e+07
293 MGS_LL_BLAS 50000   58 N/A 0.10757  2.6773e+08 4.2109e+07 3.0488e+07
294 MGS_LL_BLAS 50000   58 N/A 0.10752  2.6756e+08 4.2109e+07 3.0479e+07
295 MGS_LL_TILED_BLAS 50000   29   20 0.022698  5.6441e+07 9.7766e+06 6.6297e+06
296 MGS_LL_TILED_BLAS 50000   45   20 0.053319  1.3275e+08 2.2721e+07 1.5419e+07
297 MGS_LL_TILED_BLAS 50000   94   20 0.22113  5.5087e+08 9.4343e+07 6.4509e+07
298 MGS_LL_TILED_BLAS 50000   91   20 0.21576  5.3668e+08 8.8892e+07 6.0048e+07
299 MGS_LL_TILED_BLAS 50000   47   20 0.062475  1.4473e+08 2.4775e+07 1.6818e+07
300 MGS_LL_TILED_BLAS 50000   89   20 0.20206  5.0236e+08 8.489e+07 5.7714e+07
301 MGS_LL_TILED_BLAS 50000   52   20 0.074743  1.7788e+08 2.9719e+07 2.0036e+07
302 MGS_LL_TILED_BLAS 50000   75   20 0.14842  3.6814e+08 6.1032e+07 4.1118e+07
303 MGS_LL_TILED_BLAS 50000   91   20 0.21555  5.3668e+08 8.8893e+07 6.0038e+07
304 MGS_LL_TILED_BLAS 50000   92   20 0.21872  5.4446e+08 9.0182e+07 6.0941e+07
305 MGS_LL_BLAS 50000   15 N/A 0.0067751  1.6759e+07 2.817e+06 1.8825e+06
306 MGS_LL_BLAS 50000   77 N/A 0.20811  5.1657e+08 7.4216e+07 5.5619e+07
307 MGS_LL_TILED_BLAS 50000   81   20 0.17272  4.299e+08 7.0869e+07 4.7962e+07
308 MGS_LL_BLAS 50000   10 N/A 0.0030717  7.5399e+06 1.2526e+06 8.3164e+05
309 MGS_LL_BLAS 50000   78 N/A 0.21378  5.3104e+08 7.6157e+07 5.7121e+07
310 MGS_LL_BLAS 50000   66 N/A 0.14919  3.7068e+08 5.4526e+07 4.0144e+07
311 MGS_LL_BLAS 50000   94 N/A 0.31605  7.8489e+08 1.106e+08 8.4269e+07
312 MGS_LL_BLAS 50000   60 N/A 0.12117  3.0074e+08 4.5063e+07 3.2746e+07
313 MGS_LL_TILED_BLAS 50000   48   20 0.062127  1.5356e+08 2.5463e+07 1.7118e+07
314 MGS_LL_TILED_BLAS 50000   70   20 0.12528  3.1058e+08 5.308e+07 3.6304e+07
315 MGS_LL_BLAS 50000    6 N/A 0.0015381  2.6571e+06 4.5138e+05 3.0504e+05
316 MGS_LL_TILED_BLAS 50000   72   20 0.1328  3.3057e+08 5.5884e+07 3.7886e+07
317 MGS_LL_TILED_BLAS 50000   55   20 0.079542  1.9764e+08 3.3485e+07 2.261e+07
318 MGS_LL_BLAS 50000   46 N/A 0.07041  1.6208e+08 2.6487e+07 1.8262e+07
319 MGS_LL_BLAS 50000   50 N/A 0.079997  1.9309e+08 3.1294e+07 2.2015e+07
320 MGS_LL_TILED_BLAS 50000   94   20 0.22159  5.5109e+08 9.4342e+07 6.4488e+07
321 MGS_LL_TILED_BLAS 50000  100   20 0.24939  6.2033e+08 1.0641e+08 7.2732e+07
322 MGS_LL_BLAS 50000   56 N/A 0.10532  2.5569e+08 3.9254e+07 2.8203e+07
323 MGS_LL_TILED_BLAS 50000   81   20 0.17274  4.3007e+08 7.0869e+07 4.7938e+07
324 MGS_LL_BLAS 50000   34 N/A 0.034445  8.5685e+07 1.4469e+07 9.7545e+06
325 MGS_LL_BLAS 50000   91 N/A 0.29571  7.3445e+08 1.0366e+08 7.8799e+07
326 MGS_LL_BLAS 50000   24 N/A 0.017249  4.2765e+07 7.2098e+06 4.8432e+06
327 MGS_LL_BLAS 50000    3 N/A 0.00035543  7.7375e+05 1.1331e+05 70504
328 MGS_LL_TILED_BLAS 50000   34   20 0.03164  7.8669e+07 1.3219e+07 8.8422e+06
329 MGS_LL_TILED_BLAS 50000   75   20 0.14784  3.6801e+08 6.1027e+07 4.1146e+07
330 MGS_LL_BLAS 50000   73 N/A 0.1854  4.6053e+08 6.6704e+07 4.9762e+07
331 MGS_LL_BLAS 50000   64 N/A 0.13934  3.4607e+08 5.1274e+07 3.7632e+07
332 MGS_LL_TILED_BLAS 50000   43   20 0.050814  1.2637e+08 2.1018e+07 1.4119e+07
333 MGS_LL_TILED_BLAS 50000   28   20 0.021751  5.3999e+07 9.0632e+06 6.0778e+06
334 MGS_LL_BLAS 50000   64 N/A 0.13922  3.4593e+08 5.1274e+07 3.7587e+07
335 MGS_LL_BLAS 50000   81 N/A 0.2313  5.7461e+08 8.2127e+07 6.187e+07
336 MGS_LL_BLAS 50000   39 N/A 0.04573  1.1368e+08 1.9039e+07 1.2845e+07
337 MGS_LL_TILED_BLAS 50000   27   20 0.02065  5.1302e+07 8.6246e+06 5.7704e+06
338 MGS_LL_TILED_BLAS 50000   76   20 0.15077  3.7504e+08 6.2166e+07 4.1942e+07
339 MGS_LL_TILED_BLAS 50000   30   20 0.024874  6.1816e+07 1.039e+07 6.9412e+06
340 MGS_LL_BLAS 50000   96 N/A 0.33015  8.2038e+08 1.1536e+08 8.8067e+07
341 MGS_LL_BLAS 50000   69 N/A 0.16389  4.0711e+08 5.9596e+07 4.4169e+07
342 MGS_LL_BLAS 50000   99 N/A 0.35271  8.7576e+08 1.2268e+08 9.3751e+07
343 MGS_LL_TILED_BLAS 50000   53   20 0.0752  1.8712e+08 3.1033e+07 2.091e+07
344 MGS_LL_BLAS 50000   57 N/A 0.1077  2.6756e+08 4.0669e+07 2.9279e+07
345 MGS_LL_BLAS 50000   35 N/A 0.036628  9.1018e+07 1.5333e+07 1.033e+07
346 MGS_LL_BLAS 50000   26 N/A 0.020237  5.0273e+07 8.4613e+06 5.6935e+06
347 MGS_LL_TILED_BLAS 50000   57   20 0.086581  2.1547e+08 3.5789e+07 2.4099e+07
348 MGS_LL_BLAS 50000   25 N/A 0.018715  4.6484e+07 7.8229e+06 5.2661e+06
349 MGS_LL_TILED_BLAS 50000   54   20 0.07782  1.9366e+08 3.2121e+07 2.1605e+07
350 MGS_LL_BLAS 50000   35 N/A 0.036583  9.0998e+07 1.5333e+07 1.0341e+07
351 MGS_LL_BLAS 50000   13 N/A 0.0051163  1.2634e+07 2.1161e+06 1.4116e+06
352 MGS_LL_BLAS 50000   53 N/A 0.091116  2.2645e+08 3.5162e+07 2.4994e+07
353 MGS_LL_TILED_BLAS 50000   73   20 0.13996  3.4836e+08 5.7696e+07 3.8978e+07
354 MGS_LL_BLAS 50000   19 N/A 0.010815  2.6803e+07 4.5189e+06 3.0286e+06
355 MGS_LL_TILED_BLAS 50000   22   20 0.014232  3.5238e+07 5.9338e+06 3.977e+06
356 MGS_LL_TILED_BLAS 50000   87   20 0.19807  4.9306e+08 8.1483e+07 5.5131e+07
357 MGS_LL_BLAS 50000    3 N/A 0.00035706  7.7262e+05 1.1327e+05 69915
358 MGS_LL_TILED_BLAS 50000   49   20 0.06666  1.5462e+08 2.6678e+07 1.8376e+07
359 MGS_LL_BLAS 50000   93 N/A 0.30869  7.68e+08 1.0826e+08 8.2439e+07
360 MGS_LL_TILED_BLAS 50000   58   20 0.089359  2.2251e+08 3.6977e+07 2.485e+07
361 MGS_LL_TILED_BLAS 50000   50   20 0.06699  1.6677e+08 2.7665e+07 1.8616e+07
362 MGS_LL_TILED_BLAS 50000   26   20 0.01907  4.7375e+07 7.9614e+06 5.3276e+06
363 MGS_LL_BLAS 50000   20 N/A 0.011967  2.9677e+07 5.0072e+06 3.3634e+06
364 MGS_LL_TILED_BLAS 50000   48   20 0.061749  1.5371e+08 2.5462e+07 1.7136e+07
365 MGS_LL_TILED_BLAS 50000   76   20 0.15059  3.7505e+08 6.2167e+07 4.1935e+07
366 MGS_LL_TILED_BLAS 50000   74   20 0.14337  3.5705e+08 5.9161e+07 3.9892e+07
367 MGS_LL_BLAS 50000   59 N/A 0.11595  2.8852e+08 4.3573e+07 3.1565e+07
368 MGS_LL_TILED_BLAS 50000   23   20 0.015523  3.8546e+07 6.4968e+06 4.3583e+06
369 MGS_LL_BLAS 50000   58 N/A 0.11169  2.7777e+08 4.2108e+07 3.0449e+07
370 MGS_LL_TILED_BLAS 50000   24   20 0.016374  4.0665e+07 6.835e+06 4.5848e+06
371 MGS_LL_BLAS 50000    1 N/A 9.7105e-05  1.3869e+05 13096 6238
372 MGS_LL_BLAS 50000   68 N/A 0.15865  3.9478e+08 5.7884e+07 4.2815e+07
373 MGS_LL_TILED_BLAS 50000   50   20 0.06703  1.6689e+08 2.7665e+07 1.8604e+07
374 MGS_LL_BLAS 50000    3 N/A 0.00035183  7.6298e+05 1.133e+05 70126
375 MGS_LL_TILED_BLAS 50000   46   20 0.057205  1.4238e+08 2.361e+07 1.5862e+07
376 MGS_LL_BLAS 50000   39 N/A 0.045947  1.1433e+08 1.9038e+07 1.2879e+07
377 MGS_LL_BLAS 50000    1 N/A 9.5998e-05  1.4296e+05 13076 6167
378 MGS_LL_TILED_BLAS 50000   45   20 0.055017  1.3695e+08 2.2721e+07 1.5272e+07
379 MGS_LL_BLAS 50000   86 N/A 0.26185  6.5132e+08 9.2584e+07 7.0104e+07
380 MGS_LL_BLAS 50000   96 N/A 0.32969  8.2025e+08 1.1536e+08 8.802e+07
381 MGS_LL_TILED_BLAS 50000   74   20 0.14327  3.5686e+08 5.9161e+07 3.9909e+07
382 MGS_LL_TILED_BLAS 50000   22   20 0.014218  3.5294e+07 5.9337e+06 3.9729e+06
383 MGS_LL_BLAS 50000   30 N/A 0.034185  6.3073e+07 1.1266e+07 7.9997e+06
384 MGS_LL_TILED_BLAS 50000   75   20 0.1478  3.6789e+08 6.1025e+07 4.1157e+07
385 MGS_LL_TILED_BLAS 50000   21   20 0.013217  3.2758e+07 5.5208e+06 3.7084e+06
386 MGS_LL_BLAS 50000   67 N/A 0.15407  3.8279e+08 5.6191e+07 4.1498e+07
387 MGS_LL_BLAS 50000   78 N/A 0.2136  5.307e+08 7.6157e+07 5.7212e+07
388 MGS_LL_TILED_BLAS 50000   23   20 0.015531  3.8545e+07 6.4968e+06 4.3527e+06
389 MGS_LL_BLAS 50000   10 N/A 0.0030746  7.5422e+06 1.2525e+06 8.3136e+05
390 MGS_LL_TILED_BLAS 50000   42   20 0.048275  1.2004e+08 1.9954e+07 1.3389e+07
391 MGS_LL_BLAS 50000   13 N/A 0.0051474  1.2628e+07 2.1162e+06 1.4126e+06
392 MGS_LL_BLAS 50000   84 N/A 0.24992  6.2075e+08 8.8322e+07 6.671e+07
393 MGS_LL_BLAS 50000   88 N/A 0.27526  6.8382e+08 9.6935e+07 7.3401e+07
394 MGS_LL_TILED_BLAS 50000   22   20 0.014228  3.5254e+07 5.9341e+06 3.9762e+06
395 MGS_LL_BLAS 50000   76 N/A 0.20202  5.0173e+08 7.2305e+07 5.413e+07
396 MGS_LL_BLAS 50000   80 N/A 0.22541  5.5998e+08 8.0116e+07 6.0302e+07
397 MGS_LL_TILED_BLAS 50000   58   20 0.089446  2.2263e+08 3.6978e+07 2.4849e+07
398 MGS_LL_TILED_BLAS 50000   98   20 0.24792  6.1721e+08 1.0245e+08 6.9009e+07
399 MGS_LL_BLAS 50000    4 N/A 0.00056193  1.2996e+06 2.0089e+05 1.2843e+05
400 MGS_LL_TILED_BLAS 50000   68   20 0.12175  3.0297e+08 4.9999e+07 3.3833e+07
401 MGS_LL_BLAS 50000   41 N/A 0.050762  1.2626e+08 2.1041e+07 1.4252e+07
402 MGS_LL_TILED_BLAS 50000   56   20 0.083259  2.0721e+08 3.4375e+07 2.3136e+07
403 MGS_LL_BLAS 50000   72 N/A 0.17989  4.4685e+08 6.4889e+07 4.834e+07
404 MGS_LL_BLAS 50000   68 N/A 0.15894  3.9476e+08 5.7879e+07 4.281e+07
405 MGS_LL_BLAS 50000   13 N/A 0.0051164  1.2634e+07 2.1162e+06 1.41e+06
406 MGS_LL_BLAS 50000   13 N/A 0.005112  1.2628e+07 2.1162e+06 1.4135e+06
407 MGS_LL_BLAS 50000   36 N/A 0.03878  9.6392e+07 1.6223e+07 1.0941e+07
408 MGS_LL_BLAS 50000   34 N/A 0.03457  8.5968e+07 1.4469e+07 9.7549e+06
409 MGS_LL_TILED_BLAS 50000   37   20 0.037437  9.3125e+07 1.5634e+07 1.0454e+07
410 MGS_LL_BLAS 50000   97 N/A 0.3377  8.3891e+08 1.1777e+08 8.9901e+07
411 MGS_LL_BLAS 50000    7 N/A 0.0015576  3.7646e+06 6.1407e+05 4.0276e+05
412 MGS_LL_BLAS 50000    4 N/A 0.00055252  1.2812e+06 2.0092e+05 1.2466e+05
413 MGS_LL_BLAS 50000   78 N/A 0.21372  5.3076e+08 7.6154e+07 5.7204e+07
414 MGS_LL_BLAS 50000   95 N/A 0.32361  8.0389e+08 1.1297e+08 8.6099e+07
415 MGS_LL_BLAS 50000    8 N/A 0.0020034  4.8774e+06 8.0189e+05 5.307e+05
416 MGS_LL_BLAS 50000   46 N/A 0.065742  1.6345e+08 2.6486e+07 1.824e+07
417 MGS_LL_BLAS 50000   39 N/A 0.045683  1.1353e+08 1.9038e+07 1.2853e+07
418 MGS_LL_BLAS 50000   83 N/A 0.24339  6.046e+08 8.6232e+07 6.5105e+07
419 MGS_LL_TILED_BLAS 50000   41   20 0.046272  1.151e+08 1.9166e+07 1.2841e+07
420 MGS_LL_BLAS 50000   63 N/A 0.13452  3.3425e+08 4.9684e+07 3.6365e+07
421 MGS_LL_BLAS 50000   56 N/A 0.10332  2.5679e+08 3.9257e+07 2.819e+07
422 MGS_LL_BLAS 50000   50 N/A 0.079946  1.9865e+08 3.1294e+07 2.1989e+07
423 MGS_LL_BLAS 50000   19 N/A 0.010811  2.6792e+07 4.519e+06 3.0291e+06
424 MGS_LL_TILED_BLAS 50000   55   20 0.081025  2.0165e+08 3.3485e+07 2.2531e+07
425 MGS_LL_BLAS 50000   38 N/A 0.043194  1.0745e+08 1.8074e+07 1.2204e+07
426 MGS_LL_TILED_BLAS 50000   79   20 0.16349  4.0707e+08 6.761e+07 4.5506e+07
427 MGS_LL_BLAS 50000    9 N/A 0.0025114  6.1423e+06 1.0147e+06 6.7177e+05
428 MGS_LL_BLAS 50000   50 N/A 0.079821  1.9846e+08 3.1294e+07 2.1986e+07
429 MGS_LL_TILED_BLAS 50000   33   20 0.029904  7.4362e+07 1.2505e+07 8.3821e+06
430 MGS_LL_TILED_BLAS 50000   95   20 0.23409  5.8273e+08 9.6703e+07 6.5253e+07
431 MGS_LL_TILED_BLAS 50000   56   20 0.083376  2.0744e+08 3.4375e+07 2.3155e+07
432 MGS_LL_TILED_BLAS 50000   28   20 0.02172  5.3968e+07 9.0629e+06 6.0673e+06
433 MGS_LL_BLAS 50000    7 N/A 0.0015562  3.7681e+06 6.1407e+05 4.037e+05
434 MGS_LL_TILED_BLAS 50000   72   20 0.13577  3.379e+08 5.5881e+07 3.7743e+07
435 MGS_LL_BLAS 50000   98 N/A 0.34508  8.5692e+08 1.2022e+08 9.1813e+07
436 MGS_LL_TILED_BLAS 50000   70   20 0.12901  3.2111e+08 5.3077e+07 3.5848e+07
437 MGS_LL_TILED_BLAS 50000   36   20 0.035252  8.7683e+07 1.4721e+07 9.8579e+06
438 MGS_LL_TILED_BLAS 50000   73   20 0.13994  3.4843e+08 5.7697e+07 3.8996e+07
439 MGS_LL_BLAS 50000   65 N/A 0.14401  3.5769e+08 5.2884e+07 3.8882e+07
440 MGS_LL_TILED_BLAS 50000   36   20 0.035246  8.7637e+07 1.4721e+07 9.845e+06
441 MGS_LL_TILED_BLAS 50000   23   20 0.01559  3.8669e+07 6.4968e+06 4.3574e+06
442 MGS_LL_BLAS 50000    5 N/A 0.00083485  1.9725e+06 3.1364e+05 2.0261e+05
443 MGS_LL_TILED_BLAS 50000   25   20 0.017843  4.43e+07 7.4484e+06 5.0027e+06
444 MGS_LL_TILED_BLAS 50000   92   20 0.21875  5.4466e+08 9.0183e+07 6.0969e+07
445 MGS_LL_BLAS 50000   32 N/A 0.030566  7.6015e+07 1.2817e+07 8.6429e+06
446 MGS_LL_TILED_BLAS 50000   76   20 0.15072  3.7516e+08 6.2167e+07 4.1929e+07
447 MGS_LL_TILED_BLAS 50000   91   20 0.21554  5.366e+08 8.8892e+07 6.0078e+07
448 MGS_LL_TILED_BLAS 50000   38   20 0.039484  9.82e+07 1.6449e+07 1.0991e+07
449 MGS_LL_TILED_BLAS 50000   92   20 0.21871  5.4457e+08 9.0184e+07 6.0968e+07
450 MGS_LL_TILED_BLAS 50000   53   20 0.075274  1.8732e+08 3.1033e+07 2.0925e+07
451 MGS_LL_TILED_BLAS 50000   29   20 0.023468  5.8217e+07 9.7763e+06 6.5601e+06
452 MGS_LL_BLAS 50000   30 N/A 0.026861  6.6782e+07 1.1265e+07 7.5841e+06
453 MGS_LL_BLAS 50000   45 N/A 0.06278  1.5612e+08 2.5349e+07 1.7404e+07
454 MGS_LL_TILED_BLAS 50000   90   20 0.21023  5.2344e+08 8.6627e+07 5.8531e+07
455 MGS_LL_BLAS 50000    8 N/A 0.0020048  4.8835e+06 8.0193e+05 5.2938e+05
456 MGS_LL_TILED_BLAS 50000   97   20 0.2433  6.0564e+08 1.0051e+08 6.782e+07
457 MGS_LL_TILED_BLAS 50000   69   20 0.12572  3.1294e+08 5.1713e+07 3.4989e+07
458 MGS_LL_BLAS 50000   11 N/A 0.0036888  9.0845e+06 1.5154e+06 1.0085e+06
459 MGS_LL_BLAS 50000   62 N/A 0.13006  3.2316e+08 4.8116e+07 3.5127e+07
460 MGS_LL_BLAS 50000   31 N/A 0.028691  7.1353e+07 1.2029e+07 8.1074e+06
461 MGS_LL_BLAS 50000   85 N/A 0.25609  6.3621e+08 9.0436e+07 6.842e+07
462 MGS_LL_BLAS 50000   69 N/A 0.16419  4.0783e+08 5.9596e+07 4.416e+07
463 MGS_LL_BLAS 50000   29 N/A 0.025131  6.2472e+07 1.0526e+07 7.0854e+06
464 MGS_LL_BLAS 50000   34 N/A 0.034533  8.5871e+07 1.4469e+07 9.7579e+06
465 MGS_LL_TILED_BLAS 50000   27   20 0.020687  5.1357e+07 8.6245e+06 5.7833e+06
466 MGS_LL_TILED_BLAS 50000   85   20 0.18901  4.7054e+08 7.7677e+07 5.2651e+07
467 MGS_LL_BLAS 50000   68 N/A 0.15875  3.9445e+08 5.7879e+07 4.2817e+07
468 MGS_LL_BLAS 50000   67 N/A 0.15379  3.8206e+08 5.6191e+07 4.1488e+07
469 MGS_LL_TILED_BLAS 50000   42   20 0.048271  1.2003e+08 1.9954e+07 1.339e+07
470 MGS_LL_BLAS 50000   70 N/A 0.1694  4.2057e+08 6.1335e+07 4.5527e+07
471 MGS_LL_BLAS 50000   43 N/A 0.056675  1.4092e+08 2.3145e+07 1.5757e+07
472 MGS_LL_TILED_BLAS 50000   33   20 0.030031  7.4644e+07 1.2505e+07 8.404e+06
473 MGS_LL_BLAS 50000   77 N/A 0.20763  5.1574e+08 7.4214e+07 5.5651e+07
474 MGS_LL_TILED_BLAS 50000   35   20 0.033675  8.3763e+07 1.4082e+07 9.4229e+06
475 MGS_LL_BLAS 50000   44 N/A 0.059413  1.4772e+08 2.4235e+07 1.6579e+07
476 MGS_LL_BLAS 50000   83 N/A 0.24369  6.055e+08 8.623e+07 6.5201e+07
477 MGS_LL_BLAS 50000   74 N/A 0.19096  4.7426e+08 6.8549e+07 5.1185e+07
478 MGS_LL_TILED_BLAS 50000   45   20 0.055087  1.3701e+08 2.2722e+07 1.528e+07
479 MGS_LL_TILED_BLAS 50000   43   20 0.050817  1.2643e+08 2.1018e+07 1.413e+07
480 MGS_LL_TILED_BLAS 50000   78   20 0.15891  3.9564e+08 6.5647e+07 4.42e+07
481 MGS_LL_BLAS 50000   43 N/A 0.056448  1.404e+08 2.3144e+07 1.5755e+07
482 MGS_LL_BLAS 50000   86 N/A 0.2628  6.5284e+08 9.2584e+07 7.0148e+07
483 MGS_LL_TILED_BLAS 50000   89   20 0.20614  5.1315e+08 8.4887e+07 5.7462e+07
484 MGS_LL_BLAS 50000   79 N/A 0.21953  5.4539e+08 7.8121e+07 5.8723e+07
485 MGS_LL_TILED_BLAS 50000   39   20 0.041767  1.0387e+08 1.7412e+07 1.1636e+07
486 MGS_LL_BLAS 50000   32 N/A 0.030533  7.5936e+07 1.2817e+07 8.6305e+06
487 MGS_LL_BLAS 50000   47 N/A 0.069326  1.7229e+08 2.7653e+07 1.9155e+07
488 MGS_LL_TILED_BLAS 50000   73   20 0.13998  3.484e+08 5.7698e+07 3.897e+07
489 MGS_LL_TILED_BLAS 50000   76   20 0.15072  3.7521e+08 6.2167e+07 4.1895e+07
490 MGS_LL_BLAS 50000   96 N/A 0.33039  8.2065e+08 1.1536e+08 8.7981e+07
491 MGS_LL_BLAS 50000   93 N/A 0.30956  7.6898e+08 1.0827e+08 8.2418e+07
492 MGS_LL_BLAS 50000    3 N/A 0.0003568  7.7602e+05 1.1327e+05 70472
493 MGS_LL_BLAS 50000   23 N/A 0.015849  3.934e+07 6.6219e+06 4.4485e+06
494 MGS_LL_BLAS 50000   74 N/A 0.18632  4.6227e+08 6.8551e+07 5.1127e+07
495 MGS_LL_TILED_BLAS 50000   54   20 0.080493  1.9206e+08 3.2121e+07 2.1616e+07
496 MGS_LL_BLAS 50000   15 N/A 0.0067825  1.6769e+07 2.817e+06 1.8873e+06
497 MGS_LL_TILED_BLAS 50000   71   20 0.13308  3.3132e+08 5.4843e+07 3.7049e+07
498 MGS_LL_BLAS 50000   95 N/A 0.30956  7.7028e+08 1.1297e+08 8.6559e+07
499 MGS_LL_BLAS 50000   87 N/A 0.26835  6.6769e+08 9.4751e+07 7.1795e+07
500 MGS_LL_BLAS 50000   32 N/A 0.030536  7.5994e+07 1.2817e+07 8.6399e+06
501 MGS_LL_BLAS 50000   41 N/A 0.050833  1.2652e+08 2.1043e+07 1.4229e+07
502 MGS_LL_BLAS 50000    7 N/A 0.0015514  3.7549e+06 6.1407e+05 4.0322e+05
503 MGS_LL_TILED_BLAS 50000   32   20 0.027983  6.96e+07 1.1691e+07 7.838e+06
504 MGS_LL_BLAS 50000   60 N/A 0.12074  3.0039e+08 4.5061e+07 3.2717e+07
505 MGS_LL_TILED_BLAS 50000   63   20 0.10645  2.6509e+08 4.3677e+07 2.9622e+07
506 MGS_LL_TILED_BLAS 50000   84   20 0.18391  4.5809e+08 7.5562e+07 5.1247e+07
507 MGS_LL_TILED_BLAS 50000   96   20 0.23736  5.9135e+08 9.8096e+07 6.6175e+07
508 MGS_LL_TILED_BLAS 50000   99   20 0.25351  6.3132e+08 1.0492e+08 7.0671e+07
509 MGS_LL_TILED_BLAS 50000   24   20 0.016403  4.0741e+07 6.8354e+06 4.5955e+06
510 MGS_LL_TILED_BLAS 50000   98   20 0.24762  6.1685e+08 1.0245e+08 6.9055e+07
511 MGS_LL_TILED_BLAS 50000   65   20 0.11237  2.7983e+08 4.613e+07 3.1293e+07
512 MGS_LL_BLAS 50000   61 N/A 0.125  3.1098e+08 4.6576e+07 3.3944e+07
513 MGS_LL_BLAS 50000   22 N/A 0.014476  3.5948e+07 6.0588e+06 4.0716e+06
514 MGS_LL_BLAS 50000    2 N/A 0.00019137  3.7991e+05 50648 29653
515 MGS_LL_TILED_BLAS 50000   82   20 0.17633  4.3919e+08 7.2408e+07 4.9086e+07
516 MGS_LL_BLAS 50000    6 N/A 0.001162  2.7864e+06 4.5136e+05 2.9423e+05
517 MGS_LL_BLAS 50000   22 N/A 0.014477  3.595e+07 6.0585e+06 4.0703e+06
518 MGS_LL_BLAS 50000   33 N/A 0.032437  8.0725e+07 1.3631e+07 9.1815e+06
519 MGS_LL_TILED_BLAS 50000   71   20 0.13302  3.3125e+08 5.4842e+07 3.7027e+07
520 MGS_LL_BLAS 50000   42 N/A 0.0536  1.3341e+08 2.208e+07 1.4971e+07
521 MGS_LL_BLAS 50000   75 N/A 0.1911  4.7534e+08 7.0411e+07 5.2588e+07
522 MGS_LL_BLAS 50000   62 N/A 0.13077  3.2159e+08 4.8119e+07 3.5143e+07
523 MGS_LL_BLAS 50000   44 N/A 0.059423  1.4789e+08 2.4234e+07 1.6568e+07
524 MGS_LL_BLAS 50000   74 N/A 0.19075  4.7457e+08 6.8544e+07 5.1192e+07
525 MGS_LL_BLAS 50000   91 N/A 0.29606  7.3529e+08 1.0366e+08 7.8762e+07
526 MGS_LL_BLAS 50000   94 N/A 0.31654  7.8634e+08 1.106e+08 8.4252e+07
527 MGS_LL_TILED_BLAS 50000   66   20 0.11549  2.8741e+08 4.7395e+07 3.2085e+07
528 MGS_LL_TILED_BLAS 50000   65   20 0.11245  2.799e+08 4.6129e+07 3.1306e+07
529 MGS_LL_BLAS 50000   34 N/A 0.034461  8.575e+07 1.4469e+07 9.7612e+06
530 MGS_LL_BLAS 50000   16 N/A 0.0076898  1.9037e+07 3.205e+06 2.1423e+06
531 MGS_LL_TILED_BLAS 50000   50   20 0.067055  1.6685e+08 2.7666e+07 1.8617e+07
532 MGS_LL_BLAS 50000   56 N/A 0.10347  2.5714e+08 3.9257e+07 2.8177e+07
533 MGS_LL_BLAS 50000   99 N/A 0.35262  8.7554e+08 1.2268e+08 9.3737e+07
534 MGS_LL_TILED_BLAS 50000   47   20 0.05999  1.4927e+08 2.4774e+07 1.6669e+07
535 MGS_LL_BLAS 50000   46 N/A 0.065867  1.6374e+08 2.6487e+07 1.8276e+07
536 MGS_LL_BLAS 50000   72 N/A 0.18001  4.4733e+08 6.4889e+07 4.833e+07
537 MGS_LL_TILED_BLAS 50000   51   20 0.070089  1.7442e+08 2.8929e+07 1.9467e+07
538 MGS_LL_BLAS 50000   93 N/A 0.30954  7.6882e+08 1.0827e+08 8.2431e+07
539 MGS_LL_TILED_BLAS 50000   44   20 0.052436  1.3041e+08 2.1607e+07 1.4499e+07
540 MGS_LL_BLAS 50000   87 N/A 0.26888  6.6787e+08 9.4745e+07 7.1808e+07
541 MGS_LL_BLAS 50000   20 N/A 0.011992  2.9704e+07 5.0071e+06 3.3572e+06
542 MGS_LL_TILED_BLAS 50000   55   20 0.080952  1.9444e+08 3.3487e+07 2.291e+07
543 MGS_LL_BLAS 50000   71 N/A 0.17437  4.333e+08 6.31e+07 4.6914e+07
544 MGS_LL_TILED_BLAS 50000   78   20 0.15881  3.9559e+08 6.5646e+07 4.4195e+07
545 MGS_LL_TILED_BLAS 50000   93   20 0.22405  5.5805e+08 9.2497e+07 6.2521e+07
546 MGS_LL_BLAS 50000   69 N/A 0.16385  4.0769e+08 5.9598e+07 4.4155e+07
547 MGS_LL_BLAS 50000   27 N/A 0.021808  5.4205e+07 9.1252e+06 6.1469e+06
548 MGS_LL_BLAS 50000   23 N/A 0.015823  3.9301e+07 6.6216e+06 4.4524e+06
549 MGS_LL_TILED_BLAS 50000   31   20 0.026672  6.6326e+07 1.1153e+07 7.4652e+06
550 MGS_LL_TILED_BLAS 50000   41   20 0.046183  1.1494e+08 1.9166e+07 1.2836e+07
551 MGS_LL_BLAS 50000   73 N/A 0.18489  4.6002e+08 6.6705e+07 4.975e+07
552 MGS_LL_TILED_BLAS 50000   96   20 0.23742  5.914e+08 9.8095e+07 6.619e+07
553 MGS_LL_TILED_BLAS 50000   61   20 0.099954  2.4883e+08 4.0948e+07 2.7685e+07
554 MGS_LL_TILED_BLAS 50000   79   20 0.16337  4.0696e+08 6.761e+07 4.5517e+07
555 MGS_LL_BLAS 50000   62 N/A 0.12955  3.2228e+08 4.8116e+07 3.5119e+07
556 MGS_LL_TILED_BLAS 50000   54   20 0.07776  1.9358e+08 3.2121e+07 2.1603e+07
557 MGS_LL_BLAS 50000   78 N/A 0.21308  5.3015e+08 7.6155e+07 5.7205e+07
558 MGS_LL_TILED_BLAS 50000   94   20 0.22839  5.6887e+08 9.4337e+07 6.3668e+07
559 MGS_LL_TILED_BLAS 50000   53   20 0.075107  1.8696e+08 3.1032e+07 2.0909e+07
560 MGS_LL_BLAS 50000   71 N/A 0.17427  4.3334e+08 6.3099e+07 4.6916e+07
561 MGS_LL_TILED_BLAS 50000   42   20 0.048243  1.2008e+08 1.9954e+07 1.3389e+07
562 MGS_LL_BLAS 50000   92 N/A 0.30171  7.507e+08 1.0595e+08 8.0609e+07
563 MGS_LL_BLAS 50000   22 N/A 0.019983  3.3771e+07 6.059e+06 4.3166e+06
564 MGS_LL_TILED_BLAS 50000   75   20 0.14786  3.6792e+08 6.1027e+07 4.1164e+07
565 MGS_LL_BLAS 50000   48 N/A 0.072712  1.8078e+08 2.884e+07 2.0072e+07
566 MGS_LL_TILED_BLAS 50000   81   20 0.17277  4.3007e+08 7.0868e+07 4.7965e+07
567 MGS_LL_BLAS 50000   29 N/A 0.025127  6.2476e+07 1.0526e+07 7.0913e+06
568 MGS_LL_BLAS 50000   76 N/A 0.20222  5.0225e+08 7.23e+07 5.4164e+07
569 MGS_LL_BLAS 50000   18 N/A 0.014082  2.2924e+07 4.0562e+06 2.8344e+06
570 MGS_LL_BLAS 50000   21 N/A 0.018654  3.122e+07 5.5204e+06 3.8467e+06
571 MGS_LL_TILED_BLAS 50000   25   20 0.019803  4.3378e+07 7.4484e+06 5.0096e+06
572 MGS_LL_BLAS 50000   72 N/A 0.1801  4.4752e+08 6.4889e+07 4.8308e+07
573 MGS_LL_BLAS 50000   27 N/A 0.021791  5.414e+07 9.125e+06 6.1346e+06
574 MGS_LL_BLAS 50000   36 N/A 0.038744  9.6375e+07 1.6223e+07 1.0943e+07
575 MGS_LL_BLAS 50000   58 N/A 0.11216  2.7876e+08 4.2108e+07 3.042e+07
576 MGS_LL_BLAS 50000   55 N/A 0.099339  2.4678e+08 3.7864e+07 2.712e+07
577 MGS_LL_BLAS 50000   71 N/A 0.17465  4.3392e+08 6.3099e+07 4.6902e+07
578 MGS_LL_TILED_BLAS 50000   72   20 0.13568  3.3779e+08 5.5883e+07 3.7761e+07
579 MGS_LL_BLAS 50000   14 N/A 0.005918  1.4619e+07 2.4541e+06 1.6395e+06
580 MGS_LL_TILED_BLAS 50000   71   20 0.13313  3.3136e+08 5.4842e+07 3.7062e+07
581 MGS_LL_TILED_BLAS 50000   66   20 0.11549  2.8732e+08 4.7394e+07 3.2077e+07
582 MGS_LL_BLAS 50000   72 N/A 0.17992  4.4698e+08 6.489e+07 4.8315e+07
583 MGS_LL_TILED_BLAS 50000   83   20 0.18123  4.5119e+08 7.4474e+07 5.0498e+07
584 MGS_LL_BLAS 50000   38 N/A 0.043184  1.0744e+08 1.8074e+07 1.2197e+07
585 MGS_LL_TILED_BLAS 50000   51   20 0.070057  1.7431e+08 2.8929e+07 1.9462e+07
586 MGS_LL_TILED_BLAS 50000   49   20 0.064763  1.6103e+08 2.6677e+07 1.7976e+07
587 MGS_LL_BLAS 50000   44 N/A 0.059659  1.4836e+08 2.4233e+07 1.6566e+07
588 MGS_LL_TILED_BLAS 50000   69   20 0.12575  3.1301e+08 5.1713e+07 3.4997e+07
589 MGS_LL_TILED_BLAS 50000   36   20 0.035279  8.7727e+07 1.4721e+07 9.8519e+06
590 MGS_LL_BLAS 50000   26 N/A 0.020236  5.0284e+07 8.4611e+06 5.7016e+06
591 MGS_LL_TILED_BLAS 50000   92   20 0.21876  5.4469e+08 9.0185e+07 6.0929e+07
592 MGS_LL_TILED_BLAS 50000   86   20 0.19296  4.8033e+08 7.9317e+07 5.3671e+07
593 MGS_LL_TILED_BLAS 50000   37   20 0.037401  9.3052e+07 1.5635e+07 1.0468e+07
594 MGS_LL_TILED_BLAS 50000   32   20 0.027986  6.9582e+07 1.1692e+07 7.8253e+06
595 MGS_LL_TILED_BLAS 50000   57   20 0.086586  2.1556e+08 3.5789e+07 2.4083e+07
596 MGS_LL_TILED_BLAS 50000   21   20 0.013212  3.2763e+07 5.521e+06 3.7128e+06
597 MGS_LL_TILED_BLAS 50000   42   20 0.048248  1.2003e+08 1.9954e+07 1.3385e+07
598 MGS_LL_TILED_BLAS 50000   57   20 0.08658  2.1551e+08 3.5789e+07 2.4106e+07
599 MGS_LL_TILED_BLAS 50000   63   20 0.10652  2.6502e+08 4.3676e+07 2.9613e+07
600 MGS_LL_BLAS 50000   56 N/A 0.10357  2.5746e+08 3.9254e+07 2.8221e+07
601 MGS_LL_TILED_BLAS 50000   68   20 0.12178  3.0312e+08 4.9999e+07 3.3861e+07
602 MGS_LL_BLAS 50000   57 N/A 0.1077  2.6768e+08 4.0668e+07 2.9279e+07
603 MGS_LL_BLAS 50000   62 N/A 0.12973  3.2237e+08 4.8119e+07 3.5129e+07
604 MGS_LL_TILED_BLAS 50000   80   20 0.16316  4.0614e+08 6.8851e+07 4.6537e+07
605 MGS_LL_BLAS 50000    9 N/A 0.0039563  5.8191e+06 1.0148e+06 6.9962e+05
606 MGS_LL_BLAS 50000   66 N/A 0.14597  3.6074e+08 5.4526e+07 4.0089e+07
607 MGS_LL_TILED_BLAS 50000   86   20 0.19293  4.8033e+08 7.9318e+07 5.3691e+07
608 MGS_LL_BLAS 50000   50 N/A 0.079938  1.9869e+08 3.1296e+07 2.1981e+07
609 MGS_LL_TILED_BLAS 50000   57   20 0.086601  2.1552e+08 3.5789e+07 2.4089e+07
610 MGS_LL_BLAS 50000   66 N/A 0.14903  3.7024e+08 5.4526e+07 4.0185e+07
611 MGS_LL_BLAS 50000   79 N/A 0.21945  5.4522e+08 7.8128e+07 5.8725e+07
612 MGS_LL_TILED_BLAS 50000   84   20 0.18415  4.5831e+08 7.5564e+07 5.126e+07
613 MGS_LL_TILED_BLAS 50000   65   20 0.11243  2.7983e+08 4.613e+07 3.1285e+07
614 MGS_LL_BLAS 50000   24 N/A 0.017241  4.2817e+07 7.2096e+06 4.8475e+06
615 MGS_LL_BLAS 50000   18 N/A 0.0097276  2.4085e+07 4.0562e+06 2.7172e+06
616 MGS_LL_TILED_BLAS 50000   30   20 0.02491  6.1847e+07 1.039e+07 6.9448e+06
617 MGS_LL_BLAS 50000   45 N/A 0.062673  1.5584e+08 2.5347e+07 1.7383e+07
618 MGS_LL_TILED_BLAS 50000   98   20 0.24781  6.1708e+08 1.0245e+08 6.9014e+07
619 MGS_LL_TILED_BLAS 50000   43   20 0.050899  1.265e+08 2.1018e+07 1.412e+07
620 MGS_LL_TILED_BLAS 50000   75   20 0.14782  3.6803e+08 6.1025e+07 4.1167e+07
621 MGS_LL_BLAS 50000   90 N/A 0.2888  7.1743e+08 1.0139e+08 7.7001e+07
622 MGS_LL_BLAS 50000   30 N/A 0.026867  6.68e+07 1.1266e+07 7.5733e+06
623 MGS_LL_TILED_BLAS 50000   59   20 0.092944  2.3136e+08 3.8441e+07 2.5843e+07
624 MGS_LL_BLAS 50000   80 N/A 0.22557  5.6035e+08 8.0114e+07 6.0301e+07
625 MGS_LL_BLAS 50000   85 N/A 0.25645  6.3712e+08 9.0442e+07 6.8412e+07
626 MGS_LL_BLAS 50000   63 N/A 0.13447  3.3399e+08 4.968e+07 3.6375e+07
627 MGS_LL_BLAS 50000   61 N/A 0.1252  3.1113e+08 4.6579e+07 3.3939e+07
628 MGS_LL_BLAS 50000   28 N/A 0.023438  5.8235e+07 9.8128e+06 6.6081e+06
629 MGS_LL_BLAS 50000   62 N/A 0.12966  3.2227e+08 4.8115e+07 3.514e+07
630 MGS_LL_TILED_BLAS 50000   26   20 0.019073  4.7368e+07 7.9612e+06 5.3255e+06
631 MGS_LL_BLAS 50000   70 N/A 0.16924  4.2053e+08 6.1334e+07 4.5534e+07
632 MGS_LL_TILED_BLAS 50000   58   20 0.089421  2.2253e+08 3.6978e+07 2.486e+07
633 MGS_LL_BLAS 50000   41 N/A 0.05093  1.2663e+08 2.1041e+07 1.4227e+07
634 MGS_LL_BLAS 50000   71 N/A 0.17445  4.3349e+08 6.3104e+07 4.6949e+07
635 MGS_LL_BLAS 50000   35 N/A 0.036591  9.1013e+07 1.5334e+07 1.0335e+07
636 MGS_LL_BLAS 50000   28 N/A 0.023456  5.8305e+07 9.813e+06 6.6101e+06
637 MGS_LL_TILED_BLAS 50000   24   20 0.016385  4.0667e+07 6.8353e+06 4.5853e+06
638 MGS_LL_BLAS 50000   84 N/A 0.24981  6.2049e+08 8.8322e+07 6.6726e+07
639 MGS_LL_BLAS 50000   91 N/A 0.29542  7.3399e+08 1.0366e+08 7.8792e+07
640 MGS_LL_TILED_BLAS 50000   90   20 0.21027  5.2351e+08 8.6629e+07 5.8532e+07
641 MGS_LL_BLAS 50000   52 N/A 0.087444  2.1719e+08 3.3847e+07 2.3951e+07
642 MGS_LL_BLAS 50000   90 N/A 0.28866  7.1704e+08 1.0139e+08 7.7035e+07
643 MGS_LL_TILED_BLAS 50000   87   20 0.19792  4.9278e+08 8.1483e+07 5.5146e+07
644 MGS_LL_BLAS 50000   61 N/A 0.12534  3.1149e+08 4.6579e+07 3.3933e+07
645 MGS_LL_TILED_BLAS 50000   46   20 0.057252  1.4242e+08 2.361e+07 1.5858e+07
646 MGS_LL_TILED_BLAS 50000   82   20 0.17636  4.391e+08 7.2406e+07 4.9101e+07
647 MGS_LL_BLAS 50000   15 N/A 0.0067778  1.6762e+07 2.8173e+06 1.8869e+06
648 MGS_LL_BLAS 50000   35 N/A 0.036634  9.1139e+07 1.5334e+07 1.0335e+07
649 MGS_LL_BLAS 50000   94 N/A 0.31668  7.8652e+08 1.1061e+08 8.4234e+07
650 MGS_LL_BLAS 50000   50 N/A 0.079933  1.9866e+08 3.1296e+07 2.1993e+07
651 MGS_LL_BLAS 50000   81 N/A 0.23168  5.7556e+08 8.2125e+07 6.1875e+07
652 MGS_LL_BLAS 50000   21 N/A 0.013205  3.276e+07 5.5202e+06 3.7123e+06
653 MGS_LL_TILED_BLAS 50000   67   20 0.11942  2.9731e+08 4.9059e+07 3.3193e+07
654 MGS_LL_TILED_BLAS 50000   83   20 0.18136  4.5127e+08 7.4471e+07 5.0477e+07
655 MGS_LL_TILED_BLAS 50000   89   20 0.2062  5.1335e+08 8.4887e+07 5.744e+07
656 MGS_LL_BLAS 50000   55 N/A 0.10128  2.4558e+08 3.7867e+07 2.7092e+07
657 MGS_LL_BLAS 50000   20 N/A 0.01196  2.968e+07 5.0075e+06 3.3563e+06
658 MGS_LL_BLAS 50000   90 N/A 0.28796  7.1642e+08 1.0139e+08 7.6998e+07
659 MGS_LL_BLAS 50000   27 N/A 0.021777  5.4158e+07 9.1246e+06 6.1505e+06
660 MGS_LL_TILED_BLAS 50000   28   20 0.02175  5.4036e+07 9.0632e+06 6.0785e+06
661 MGS_LL_TILED_BLAS 50000   27   20 0.020658  5.1347e+07 8.6245e+06 5.7753e+06
662 MGS_LL_TILED_BLAS 50000   47   20 0.059994  1.4935e+08 2.4773e+07 1.6655e+07
663 MGS_LL_BLAS 50000    5 N/A 0.00082834  1.9698e+06 3.1357e+05 2.0251e+05
664 MGS_LL_BLAS 50000   24 N/A 0.017236  4.2805e+07 7.2096e+06 4.8513e+06
665 MGS_LL_BLAS 50000   55 N/A 0.099217  2.469e+08 3.7864e+07 2.7088e+07
666 MGS_LL_BLAS 50000   85 N/A 0.25582  6.3642e+08 9.0437e+07 6.8403e+07
667 MGS_LL_BLAS 50000   67 N/A 0.15362  3.822e+08 5.6194e+07 4.1487e+07
668 MGS_LL_BLAS 50000   15 N/A 0.0067696  1.6753e+07 2.8173e+06 1.8876e+06
669 MGS_LL_BLAS 50000   49 N/A 0.076165  1.8956e+08 3.0054e+07 2.1029e+07
670 MGS_LL_BLAS 50000    4 N/A 0.00055988  1.2951e+06 2.0096e+05 1.2781e+05
671 MGS_LL_TILED_BLAS 50000   45   20 0.055003  1.3691e+08 2.2721e+07 1.5275e+07
672 MGS_LL_BLAS 50000   89 N/A 0.28172  7.0079e+08 9.9148e+07 7.5263e+07
673 MGS_LL_BLAS 50000   42 N/A 0.053595  1.3334e+08 2.2082e+07 1.4996e+07
674 MGS_LL_TILED_BLAS 50000   40   20 0.0436  1.0852e+08 1.8151e+07 1.2145e+07
675 MGS_LL_BLAS 50000   54 N/A 0.094931  2.3624e+08 3.6501e+07 2.6034e+07
676 MGS_LL_TILED_BLAS 50000  100   20 0.25712  6.4055e+08 1.0641e+08 7.1694e+07
677 MGS_LL_BLAS 50000   99 N/A 0.35163  8.7475e+08 1.2268e+08 9.3728e+07
678 MGS_LL_BLAS 50000   25 N/A 0.018675  4.6415e+07 7.8228e+06 5.261e+06
679 MGS_LL_TILED_BLAS 50000   58   20 0.091074  2.2196e+08 3.6978e+07 2.4864e+07
680 MGS_LL_BLAS 50000    3 N/A 0.00035089  7.6999e+05 1.1329e+05 69729
681 MGS_LL_BLAS 50000   16 N/A 0.0076897  1.9037e+07 3.205e+06 2.1481e+06
682 MGS_LL_BLAS 50000   80 N/A 0.22547  5.6006e+08 8.0111e+07 6.0276e+07
683 MGS_LL_TILED_BLAS 50000   73   20 0.13997  3.4837e+08 5.7697e+07 3.8999e+07
684 MGS_LL_BLAS 50000   51 N/A 0.083691  2.0801e+08 3.2557e+07 2.2926e+07
685 MGS_LL_TILED_BLAS 50000   47   20 0.060026  1.4935e+08 2.4773e+07 1.6669e+07
686 MGS_LL_TILED_BLAS 50000   60   20 0.095379  2.3744e+08 3.9432e+07 2.6517e+07
687 MGS_LL_BLAS 50000   45 N/A 0.062913  1.564e+08 2.5347e+07 1.7427e+07
688 MGS_LL_BLAS 50000   70 N/A 0.16912  4.2014e+08 6.1334e+07 4.5513e+07
689 MGS_LL_TILED_BLAS 50000   84   20 0.18412  4.5838e+08 7.5562e+07 5.1256e+07
690 MGS_LL_TILED_BLAS 50000   23   20 0.015569  3.8635e+07 6.4969e+06 4.3529e+06
691 MGS_LL_BLAS 50000   44 N/A 0.059682  1.4838e+08 2.4233e+07 1.6564e+07
692 MGS_LL_BLAS 50000   53 N/A 0.091403  2.271e+08 3.5163e+07 2.4989e+07
693 MGS_LL_TILED_BLAS 50000   55   20 0.081454  1.9652e+08 3.3487e+07 2.2653e+07
694 MGS_LL_TILED_BLAS 50000   99   20 0.25362  6.3153e+08 1.0492e+08 7.0704e+07
695 MGS_LL_TILED_BLAS 50000   91   20 0.21554  5.3671e+08 8.8894e+07 6.0082e+07
696 MGS_LL_BLAS 50000   38 N/A 0.043334  1.0783e+08 1.8074e+07 1.2214e+07
697 MGS_LL_BLAS 50000   89 N/A 0.28259  7.019e+08 9.9151e+07 7.5297e+07
698 MGS_LL_BLAS 50000   47 N/A 0.069487  1.7276e+08 2.7651e+07 1.9151e+07
699 MGS_LL_BLAS 50000   75 N/A 0.19659  4.8835e+08 7.0409e+07 5.2672e+07
700 MGS_LL_BLAS 50000   61 N/A 0.12511  3.1085e+08 4.6577e+07 3.3926e+07
701 MGS_LL_TILED_BLAS 50000   68   20 0.12171  3.0289e+08 4.9998e+07 3.3845e+07
702 MGS_LL_TILED_BLAS 50000   49   20 0.064702  1.6094e+08 2.6677e+07 1.7967e+07
703 MGS_LL_BLAS 50000    1 N/A 0.00012834  1.4812e+05 13129 6038
704 MGS_LL_BLAS 50000   31 N/A 0.028696  7.1353e+07 1.2029e+07 8.1153e+06
705 MGS_LL_BLAS 50000   47 N/A 0.069306  1.7231e+08 2.7653e+07 1.9156e+07
706 MGS_LL_TILED_BLAS 50000   38   20 0.039384  9.7979e+07 1.6448e+07 1.0986e+07
707 MGS_LL_TILED_BLAS 50000   29   20 0.023415  5.8189e+07 9.7761e+06 6.5496e+06
708 MGS_LL_TILED_BLAS 50000   74   20 0.14348  3.5712e+08 5.9161e+07 3.9911e+07
709 MGS_LL_BLAS 50000   95 N/A 0.32354  8.037e+08 1.1297e+08 8.6075e+07
710 MGS_LL_BLAS 50000   82 N/A 0.23765  5.9045e+08 8.4166e+07 6.3464e+07
711 MGS_LL_TILED_BLAS 50000   74   20 0.14352  3.5711e+08 5.9163e+07 3.9924e+07
712 MGS_LL_BLAS 50000   56 N/A 0.10343  2.5707e+08 3.9257e+07 2.819e+07
713 MGS_LL_BLAS 50000   49 N/A 0.0763  1.8967e+08 3.0055e+07 2.1013e+07
714 MGS_LL_BLAS 50000   41 N/A 0.056452  1.205e+08 2.1044e+07 1.4635e+07
715 MGS_LL_BLAS 50000   82 N/A 0.23685  5.8929e+08 8.4172e+07 6.3468e+07
716 MGS_LL_TILED_BLAS 50000   55   20 0.080988  2.0163e+08 3.3486e+07 2.2535e+07
717 MGS_LL_TILED_BLAS 50000   30   20 0.024857  6.1811e+07 1.039e+07 6.954e+06
718 MGS_LL_BLAS 50000   51 N/A 0.083494  2.0776e+08 3.2557e+07 2.2948e+07
719 MGS_LL_TILED_BLAS 50000   90   20 0.21013  5.2344e+08 8.6629e+07 5.8546e+07
720 MGS_LL_BLAS 50000   88 N/A 0.27516  6.8447e+08 9.6941e+07 7.3556e+07
721 MGS_LL_BLAS 50000    1 N/A 0.0001036  1.4004e+05 13091 6210
722 MGS_LL_TILED_BLAS 50000   40   20 0.043589  1.0848e+08 1.8151e+07 1.2137e+07
723 MGS_LL_BLAS 50000   28 N/A 0.023412  5.8231e+07 9.8126e+06 6.6138e+06
724 MGS_LL_TILED_BLAS 50000   85   20 0.18893  4.7062e+08 7.7676e+07 5.2659e+07
725 MGS_LL_BLAS 50000   37 N/A 0.040862  1.017e+08 1.7136e+07 1.1568e+07
726 MGS_LL_BLAS 50000   14 N/A 0.0059085  1.4607e+07 2.4541e+06 1.6416e+06
727 MGS_LL_BLAS 50000   53 N/A 0.091252  2.2704e+08 3.5164e+07 2.4986e+07
728 MGS_LL_TILED_BLAS 50000   23   20 0.015511  3.8515e+07 6.4968e+06 4.3495e+06
729 MGS_LL_BLAS 50000   89 N/A 0.28152  7.0044e+08 9.9149e+07 7.5269e+07
730 MGS_LL_TILED_BLAS 50000   80   20 0.16646  4.1466e+08 6.885e+07 4.6362e+07
731 MGS_LL_BLAS 50000   20 N/A 0.011979  2.9708e+07 5.0071e+06 3.3589e+06
732 MGS_LL_BLAS 50000   34 N/A 0.03443  8.5689e+07 1.4469e+07 9.7604e+06
733 MGS_LL_BLAS 50000   92 N/A 0.30209  7.5141e+08 1.0595e+08 8.0577e+07
734 MGS_LL_TILED_BLAS 50000   95   20 0.23409  5.8314e+08 9.6703e+07 6.5215e+07
735 MGS_LL_BLAS 50000   46 N/A 0.065985  1.6424e+08 2.6486e+07 1.8243e+07
736 MGS_LL_BLAS 50000   43 N/A 0.056503  1.4061e+08 2.3144e+07 1.5746e+07
737 MGS_LL_TILED_BLAS 50000   62   20 0.10269  2.5568e+08 4.2111e+07 2.8559e+07
738 MGS_LL_BLAS 50000   10 N/A 0.0030696  7.5403e+06 1.2525e+06 8.3005e+05
739 MGS_LL_TILED_BLAS 50000   79   20 0.16345  4.0715e+08 6.7612e+07 4.5524e+07
740 MGS_LL_TILED_BLAS 50000   40   20 0.049171  1.0339e+08 1.8152e+07 1.2616e+07
741 MGS_LL_BLAS 50000   94 N/A 0.3165  7.86e+08 1.106e+08 8.4246e+07
742 MGS_LL_BLAS 50000   40 N/A 0.04838  1.2031e+08 2.0027e+07 1.354e+07
743 MGS_LL_TILED_BLAS 50000   35   20 0.033755  8.3824e+07 1.4082e+07 9.408e+06
744 MGS_LL_TILED_BLAS 50000   97   20 0.24321  6.0556e+08 1.0051e+08 6.781e+07
745 MGS_LL_TILED_BLAS 50000  100   20 0.25734  6.4071e+08 1.0641e+08 7.1719e+07
746 MGS_LL_TILED_BLAS 50000   52   20 0.072093  1.7938e+08 2.9718e+07 2.0007e+07
747 MGS_LL_BLAS 50000   12 N/A 0.0043845  1.0787e+07 1.8032e+06 1.2011e+06
748 MGS_LL_TILED_BLAS 50000   72   20 0.13574  3.3783e+08 5.5883e+07 3.7758e+07
749 MGS_LL_BLAS 50000   51 N/A 0.083603  2.0788e+08 3.2557e+07 2.2966e+07
750 MGS_LL_BLAS 50000   28 N/A 0.023428  5.8243e+07 9.8126e+06 6.6075e+06
751 MGS_LL_BLAS 50000   86 N/A 0.26257  6.5212e+08 9.2577e+07 7.0125e+07
752 MGS_LL_TILED_BLAS 50000   54   20 0.07783  1.9359e+08 3.2122e+07 2.1602e+07
753 MGS_LL_BLAS 50000   73 N/A 0.18546  4.6081e+08 6.6704e+07 4.977e+07
754 MGS_LL_TILED_BLAS 50000   52   20 0.072024  1.7924e+08 2.9719e+07 2.0019e+07
755 MGS_LL_BLAS 50000   26 N/A 0.020233  5.0268e+07 8.4618e+06 5.6987e+06
756 MGS_LL_BLAS 50000   73 N/A 0.18527  4.602e+08 6.6704e+07 4.9743e+07
757 MGS_LL_TILED_BLAS 50000   49   20 0.064718  1.6093e+08 2.6676e+07 1.7976e+07
758 MGS_LL_BLAS 50000   17 N/A 0.0086879  2.1481e+07 3.618e+06 2.4252e+06
759 MGS_LL_TILED_BLAS 50000   82   20 0.17648  4.3931e+08 7.2407e+07 4.9106e+07
760 MGS_LL_BLAS 50000   80 N/A 0.22537  5.5984e+08 8.0111e+07 6.0272e+07
761 MGS_LL_BLAS 50000   75 N/A 0.19637  4.8778e+08 7.0412e+07 5.2648e+07
762 MGS_LL_TILED_BLAS 50000   48   20 0.061829  1.5383e+08 2.5462e+07 1.7142e+07
763 MGS_LL_TILED_BLAS 50000   94   20 0.22852  5.6902e+08 9.4338e+07 6.3675e+07
764 MGS_LL_BLAS 50000   82 N/A 0.23761  5.9025e+08 8.4166e+07 6.3463e+07
765 MGS_LL_BLAS 50000   73 N/A 0.18527  4.6008e+08 6.6706e+07 4.977e+07
766 MGS_LL_TILED_BLAS 50000   35   20 0.033745  8.3875e+07 1.4082e+07 9.4079e+06
767 MGS_LL_BLAS 50000   48 N/A 0.072844  1.8107e+08 2.884e+07 2.0055e+07
768 MGS_LL_BLAS 50000   23 N/A 0.015837  3.9311e+07 6.6216e+06 4.4473e+06
769 MGS_LL_BLAS 50000   12 N/A 0.0043733  1.0783e+07 1.8033e+06 1.2039e+06
770 MGS_LL_BLAS 50000   95 N/A 0.32333  8.031e+08 1.1297e+08 8.6097e+07
771 MGS_LL_BLAS 50000    4 N/A 0.00056564  1.2987e+06 2.0095e+05 1.2709e+05
772 MGS_LL_BLAS 50000   77 N/A 0.20725  5.1573e+08 7.422e+07 5.5662e+07
773 MGS_LL_BLAS 50000   85 N/A 0.25542  6.3557e+08 9.0436e+07 6.8416e+07
774 MGS_LL_BLAS 50000   82 N/A 0.23664  5.8874e+08 8.4165e+07 6.3463e+07
775 MGS_LL_TILED_BLAS 50000   86   20 0.19288  4.8037e+08 7.9317e+07 5.3724e+07
776 MGS_LL_TILED_BLAS 50000   85   20 0.18888  4.7043e+08 7.7677e+07 5.2681e+07
777 MGS_LL_TILED_BLAS 50000   29   20 0.023387  5.8119e+07 9.7762e+06 6.5527e+06
778 MGS_LL_BLAS 50000    8 N/A 0.0019983  4.869e+06 8.0192e+05 5.2726e+05
779 MGS_LL_BLAS 50000   64 N/A 0.13896  3.4573e+08 5.127e+07 3.7648e+07
780 MGS_LL_BLAS 50000    5 N/A 0.00083211  1.9687e+06 3.1362e+05 2.04e+05
781 MGS_LL_BLAS 50000   55 N/A 0.099163  2.4673e+08 3.7864e+07 2.7067e+07
782 MGS_LL_TILED_BLAS 50000   63   20 0.10635  2.648e+08 4.3676e+07 2.9609e+07
783 MGS_LL_TILED_BLAS 50000   21   20 0.013205  3.277e+07 5.5208e+06 3.7105e+06
784 MGS_LL_BLAS 50000   13 N/A 0.0051092  1.2629e+07 2.1161e+06 1.4115e+06
785 MGS_LL_BLAS 50000   71 N/A 0.17411  4.3321e+08 6.3099e+07 4.69e+07
786 MGS_LL_TILED_BLAS 50000   41   20 0.046224  1.1503e+08 1.9166e+07 1.2837e+07
787 MGS_LL_BLAS 50000    9 N/A 0.002499  6.1234e+06 1.0147e+06 6.7105e+05
788 MGS_LL_TILED_BLAS 50000   50   20 0.067047  1.6683e+08 2.7666e+07 1.859e+07
789 MGS_LL_BLAS 50000   37 N/A 0.047097  9.7475e+07 1.7136e+07 1.1805e+07
790 MGS_LL_BLAS 50000    7 N/A 0.0026085  3.555e+06 6.141e+05 4.2598e+05
791 MGS_LL_TILED_BLAS 50000   38   20 0.043056  9.6247e+07 1.6449e+07 1.1027e+07
792 MGS_LL_TILED_BLAS 50000   46   20 0.057224  1.4239e+08 2.361e+07 1.5857e+07
793 MGS_LL_BLAS 50000   42 N/A 0.053393  1.329e+08 2.208e+07 1.4964e+07
794 MGS_LL_BLAS 50000   16 N/A 0.0076835  1.9036e+07 3.205e+06 2.1461e+06
795 MGS_LL_BLAS 50000   81 N/A 0.23086  5.7434e+08 8.2125e+07 6.1909e+07
796 MGS_LL_TILED_BLAS 50000   57   20 0.086518  2.1544e+08 3.5789e+07 2.4085e+07
797 MGS_LL_TILED_BLAS 50000   93   20 0.22415  5.5827e+08 9.2501e+07 6.2474e+07
798 MGS_LL_BLAS 50000   64 N/A 0.13902  3.4567e+08 5.127e+07 3.7623e+07
799 MGS_LL_TILED_BLAS 50000   78   20 0.15872  3.9536e+08 6.5646e+07 4.4194e+07
800 MGS_LL_TILED_BLAS 50000   51   20 0.070026  1.7434e+08 2.893e+07 1.9478e+07
801 MGS_LL_TILED_BLAS 50000  100   20 0.25726  6.4077e+08 1.0641e+08 7.1684e+07
802 MGS_LL_BLAS 50000   60 N/A 0.12052  2.9986e+08 4.5062e+07 3.2728e+07
803 MGS_LL_TILED_BLAS 50000   34   20 0.031577  7.8567e+07 1.3219e+07 8.8362e+06
804 MGS_LL_BLAS 50000   17 N/A 0.008667  2.1475e+07 3.6179e+06 2.4272e+06
805 MGS_LL_TILED_BLAS 50000   95   20 0.23397  5.8277e+08 9.6705e+07 6.5234e+07
806 MGS_LL_TILED_BLAS 50000   80   20 0.16645  4.1464e+08 6.885e+07 4.6365e+07
807 MGS_LL_BLAS 50000  100 N/A 0.35933  8.9391e+08 1.2518e+08 9.5674e+07
808 MGS_LL_TILED_BLAS 50000   80   20 0.16645  4.1463e+08 6.8851e+07 4.6359e+07
809 MGS_LL_BLAS 50000   78 N/A 0.21334  5.3073e+08 7.6157e+07 5.7179e+07
810 MGS_LL_BLAS 50000    6 N/A 0.0011602  2.7892e+06 4.5135e+05 2.9481e+05
811 MGS_LL_BLAS 50000   96 N/A 0.32979  8.2052e+08 1.1536e+08 8.7985e+07
812 MGS_LL_BLAS 50000   65 N/A 0.14379  3.5774e+08 5.2885e+07 3.8867e+07
813 MGS_LL_TILED_BLAS 50000   99   20 0.25353  6.3151e+08 1.0492e+08 7.0677e+07
814 MGS_LL_TILED_BLAS 50000   81   20 0.17263  4.2991e+08 7.0869e+07 4.7966e+07
815 MGS_LL_TILED_BLAS 50000   39   20 0.041734  1.0385e+08 1.7412e+07 1.1635e+07
816 MGS_LL_TILED_BLAS 50000   86   20 0.19279  4.8023e+08 7.9318e+07 5.3694e+07
817 MGS_LL_TILED_BLAS 50000   63   20 0.10644  2.6507e+08 4.3676e+07 2.9608e+07
818 MGS_LL_BLAS 50000   27 N/A 0.021811  5.4187e+07 9.1244e+06 6.148e+06
819 MGS_LL_BLAS 50000   87 N/A 0.26801  6.6673e+08 9.4744e+07 7.1831e+07
820 MGS_LL_BLAS 50000   52 N/A 0.087266  2.1717e+08 3.3847e+07 2.396e+07
821 MGS_LL_TILED_BLAS 50000   70   20 0.1289  3.2105e+08 5.3077e+07 3.5853e+07
822 MGS_LL_TILED_BLAS 50000   64   20 0.10857  2.7029e+08 4.4516e+07 3.0193e+07
823 MGS_LL_BLAS 50000   10 N/A 0.0030701  7.5379e+06 1.2524e+06 8.3077e+05
824 MGS_LL_BLAS 50000   60 N/A 0.12036  2.9943e+08 4.5065e+07 3.2754e+07
825 MGS_LL_BLAS 50000   33 N/A 0.032477  8.0782e+07 1.363e+07 9.1947e+06
826 MGS_LL_TILED_BLAS 50000   26   20 0.01909  4.7414e+07 7.9613e+06 5.3333e+06
827 MGS_LL_TILED_BLAS 50000   99   20 0.25348  6.3142e+08 1.0491e+08 7.0699e+07
828 MGS_LL_BLAS 50000   16 N/A 0.0076865  1.9035e+07 3.2051e+06 2.148e+06
829 MGS_LL_TILED_BLAS 50000   25   20 0.01784  4.4318e+07 7.4484e+06 5.0007e+06
830 MGS_LL_BLAS 50000   44 N/A 0.059405  1.4775e+08 2.4233e+07 1.6573e+07
831 MGS_LL_BLAS 50000   36 N/A 0.038628  9.6135e+07 1.6222e+07 1.0945e+07
832 MGS_LL_BLAS 50000   93 N/A 0.30851  7.6748e+08 1.0826e+08 8.2401e+07
833 MGS_LL_BLAS 50000   83 N/A 0.24296  6.0449e+08 8.624e+07 6.5106e+07
834 MGS_LL_TILED_BLAS 50000   35   20 0.033702  8.3771e+07 1.4082e+07 9.4247e+06
835 MGS_LL_BLAS 50000   79 N/A 0.21899  5.4484e+08 7.812e+07 5.8715e+07
836 MGS_LL_BLAS 50000   79 N/A 0.21914  5.4517e+08 7.8126e+07 5.8713e+07
837 MGS_LL_TILED_BLAS 50000   59   20 0.092893  2.3127e+08 3.8441e+07 2.5839e+07
838 MGS_LL_TILED_BLAS 50000   97   20 0.24308  6.0553e+08 1.0051e+08 6.7824e+07
839 MGS_LL_BLAS 50000   21 N/A 0.013187  3.273e+07 5.5203e+06 3.702e+06
840 MGS_LL_BLAS 50000   35 N/A 0.036524  9.0873e+07 1.5333e+07 1.0343e+07
841 MGS_LL_TILED_BLAS 50000   56   20 0.083202  2.0721e+08 3.4375e+07 2.3129e+07
842 MGS_LL_TILED_BLAS 50000   84   20 0.18403  4.5836e+08 7.5563e+07 5.1264e+07
843 MGS_LL_BLAS 50000   82 N/A 0.23718  5.8999e+08 8.4166e+07 6.3435e+07
844 MGS_LL_BLAS 50000   38 N/A 0.043182  1.0749e+08 1.8075e+07 1.2209e+07
845 MGS_LL_BLAS 50000   70 N/A 0.16902  4.2055e+08 6.1335e+07 4.551e+07
846 MGS_LL_TILED_BLAS 50000   60   20 0.094828  2.3181e+08 3.9432e+07 2.6616e+07
847 MGS_LL_BLAS 50000   12 N/A 0.0068341  1.0245e+07 1.8033e+06 1.2665e+06
848 MGS_LL_TILED_BLAS 50000   93   20 0.21937  5.4635e+08 9.2501e+07 6.2736e+07
849 MGS_LL_TILED_BLAS 50000   24   20 0.022348  3.8853e+07 6.8356e+06 4.7494e+06
850 MGS_LL_TILED_BLAS 50000   22   20 0.015042  3.4772e+07 5.9339e+06 3.9711e+06
851 MGS_LL_BLAS 50000   87 N/A 0.26848  6.6806e+08 9.4742e+07 7.1797e+07
852 MGS_LL_TILED_BLAS 50000   56   20 0.083127  2.0699e+08 3.4375e+07 2.3148e+07
853 MGS_LL_TILED_BLAS 50000   28   20 0.028664  5.1117e+07 9.0638e+06 6.4122e+06
854 MGS_LL_BLAS 50000   84 N/A 0.24947  6.2073e+08 8.8322e+07 6.6754e+07
855 MGS_LL_BLAS 50000   68 N/A 0.15868  3.948e+08 5.788e+07 4.2812e+07
856 MGS_LL_BLAS 50000   88 N/A 0.27512  6.8432e+08 9.694e+07 7.3488e+07
857 MGS_LL_BLAS 50000   11 N/A 0.0036867  9.0752e+06 1.5155e+06 1.0084e+06
858 MGS_LL_TILED_BLAS 50000   45   20 0.055035  1.3692e+08 2.2721e+07 1.5286e+07
859 MGS_LL_BLAS 50000   76 N/A 0.2015  5.0134e+08 7.2304e+07 5.4127e+07
860 MGS_LL_BLAS 50000    2 N/A 0.00019933  3.8136e+05 50687 30265
861 MGS_LL_TILED_BLAS 50000   37   20 0.037413  9.3091e+07 1.5635e+07 1.0474e+07
862 MGS_LL_BLAS 50000   51 N/A 0.083451  2.0766e+08 3.2557e+07 2.2944e+07
863 MGS_LL_BLAS 50000   11 N/A 0.0036838  9.079e+06 1.5154e+06 1.0094e+06
864 MGS_LL_BLAS 50000   68 N/A 0.15874  3.9488e+08 5.7883e+07 4.2794e+07
865 MGS_LL_TILED_BLAS 50000   58   20 0.089396  2.226e+08 3.6977e+07 2.4857e+07
866 MGS_LL_TILED_BLAS 50000   36   20 0.035183  8.7541e+07 1.4721e+07 9.857e+06
867 MGS_LL_BLAS 50000   65 N/A 0.13927  3.4447e+08 5.2887e+07 3.8973e+07
868 MGS_LL_BLAS 50000   41 N/A 0.057347  1.2362e+08 2.1042e+07 1.4301e+07
869 MGS_LL_BLAS 50000   79 N/A 0.2196  5.4541e+08 7.8126e+07 5.8702e+07
870 MGS_LL_TILED_BLAS 50000   66   20 0.11537  2.872e+08 4.7395e+07 3.209e+07
871 MGS_LL_BLAS 50000   47 N/A 0.06921  1.7206e+08 2.7653e+07 1.914e+07
872 MGS_LL_BLAS 50000  100 N/A 0.36002  8.9424e+08 1.2517e+08 9.5689e+07
873 MGS_LL_TILED_BLAS 50000  100   20 0.24899  6.2029e+08 1.0641e+08 7.2722e+07
874 MGS_LL_BLAS 50000   47 N/A 0.073549  1.7037e+08 2.7652e+07 1.9193e+07
875 MGS_LL_TILED_BLAS 50000   61   20 0.099961  2.4888e+08 4.0948e+07 2.7674e+07
876 MGS_LL_TILED_BLAS 50000   34   20 0.031601  7.8625e+07 1.3219e+07 8.841e+06
877 MGS_LL_TILED_BLAS 50000   97   20 0.24323  6.058e+08 1.0051e+08 6.7821e+07
878 MGS_LL_BLAS 50000   53 N/A 0.09124  2.2702e+08 3.5161e+07 2.4979e+07
879 MGS_LL_TILED_BLAS 50000   64   20 0.10877  2.7086e+08 4.4516e+07 3.0192e+07
880 MGS_LL_TILED_BLAS 50000   39   20 0.041728  1.0384e+08 1.7412e+07 1.1643e+07
881 MGS_LL_TILED_BLAS 50000   72   20 0.13569  3.3789e+08 5.5881e+07 3.774e+07
882 MGS_LL_TILED_BLAS 50000   78   20 0.15886  3.9566e+08 6.5646e+07 4.4189e+07
883 MGS_LL_TILED_BLAS 50000   96   20 0.23749  5.9151e+08 9.8096e+07 6.6175e+07
884 MGS_LL_BLAS 50000   48 N/A 0.072726  1.8099e+08 2.884e+07 2.0068e+07
885 MGS_LL_BLAS 50000   88 N/A 0.27456  6.8294e+08 9.6935e+07 7.3534e+07
886 MGS_LL_BLAS 50000   81 N/A 0.23075  5.7413e+08 8.2125e+07 6.1891e+07
887 MGS_LL_TILED_BLAS 50000   59   20 0.092862  2.3121e+08 3.8441e+07 2.5831e+07
888 MGS_LL_BLAS 50000   86 N/A 0.26233  6.5262e+08 9.2579e+07 7.0068e+07
889 MGS_LL_BLAS 50000    2 N/A 0.000198  3.767e+05 50660 29362
890 MGS_LL_TILED_BLAS 50000   25   20 0.017853  4.4347e+07 7.4483e+06 5.0093e+06
891 MGS_LL_BLAS 50000   38 N/A 0.043257  1.0767e+08 1.8075e+07 1.2208e+07
892 MGS_LL_BLAS 50000   37 N/A 0.040938  1.0189e+08 1.7137e+07 1.1579e+07
893 MGS_LL_TILED_BLAS 50000   77   20 0.1551  3.8628e+08 6.4081e+07 4.3202e+07
894 MGS_LL_TILED_BLAS 50000   60   20 0.095293  2.3733e+08 3.9431e+07 2.6504e+07
895 MGS_LL_BLAS 50000   57 N/A 0.10754  2.6748e+08 4.0669e+07 2.9298e+07
896 MGS_LL_BLAS 50000   81 N/A 0.23088  5.7438e+08 8.2126e+07 6.1869e+07
897 MGS_LL_TILED_BLAS 50000   26   20 0.019077  4.7386e+07 7.9614e+06 5.3273e+06
898 MGS_LL_TILED_BLAS 50000   46   20 0.057151  1.4225e+08 2.361e+07 1.587e+07
899 MGS_LL_BLAS 50000   74 N/A 0.19065  4.7423e+08 6.8546e+07 5.1189e+07
